--------
Coluna 0
79
76
70
71
90
75
77
76
80
72
74
72
69
71
70
73
72
71
81
78
76
90
69
88
75
69
73
71
76
70
69
69
75
72
71
73
71
73
70
90
77
75
72
75
74
90
74
70
69
69
74
75
76
70
77
74
70
78
72
80
69
71
90
81
75
75
72
71
69
72
74
71
82
74
73
74
76
79
69
81
74
72
73
71
76
75
70
70
74
80
69
72
75
83
77
72
90
90
76
75
72
73
77
79
69
70
76
69
81
75
76
90
73
76
76
90
80
77
74
90
90
71
74
69
78
72
76
69
71
76
78
73
73
71
79
78
70
79
71
84
90
70
70
77
70
75
74
80
70
75
77
90
72
75
81
71
73
73
69
69
73
69
70
83
74
71
69
70
69
84
69
70
81
73
79
73
76
73
69
69
72
85
69
82
78
72
75
79
70
77
69
70
80
70
90
69
69
73
76
90
90
77
74
73
71
77
70
75
72
72
69
69
84
70
69
73
69
70
69
78
78
76
69
73
73
70
74
71
80
77
90
74
69
70
73
74
90
78
77
70
69
71
71
77
70
76
76
71
74
72
72
69
79
73
73
70
74
84
78
70
73
75
73
69
73
69
76
73
74
90
69
79
71
71
69
73
90
76
69
78
71
76
90
70
72
69
76
75
73
72
69
70
71
90
82
74
70
77
69
81
69
69
90
76
84
79
71
77
71
71
78
77
69
81
71
75
75
74
71
78
70
82
72
73
72
70
72
73
69
70
81
77
76
76
71
74
80
69
90
71
69
72
69
75
73
75
74
80
71
72
84
82
73
72
72
70
78
72
79
70
76
74
73
74
73
70
90
71
74
75
72
84
73
90
72
74
69
69
74
71
69
70
83
72
75
69
75
79
70
73
78
81
69
73
71
69
80
71
75
77
72
78
73
75
76
70
69
70
69
70
78
71
76
79
69
69
71
71
80
71
72
72
79
71
72
74
80
90
72
72
74
70
69
90
70
74
70
71
80
73
70
70
73
73
73
90
69
90
73
81
76
71
73
69
83
82
90
69
73
69
70
72
90
76
81
80
71
69
80
70
90
79
77
77
70
72
72
71
70
80
69
70
69
76
70
82
70
71
85
80
79
73
72
90
71
77
71
76
81
76
79
77
80
70
76
69
76
74
71
69
79
77
74
74
75
81
78
71
69
69
72
77
82
88
71
70
70
72
76
69
90
69
69
71
82
76
71
88
84
69
74
71
70
75
72
72
71
71
70
76
77
70
83
69
71
76
72
69
70
71
72
70
70
72
69
72
75
71
69
77
79
73
71
77
70
86
90
70
77
69
75
90
70
82
72
83
76
73
69
70
81
72
74
73
72
69
69
69
70
74
75
79
74
78
69
69
90
76
80
69
73
69
70
73
73
75
70
70
74
69
69
81
71
79
74
74
76
70
74
73
70
84
69
78
72
73
76
71
72
69
76
70
70
76
78
75
73
71
72
84
71
79
78
70
72
70
69
73
75
69
90
69
71
73
75
71
70
80
70
74
72
69
81
75
73
78
75
69
73
69
75
74
70
81
81
69
73
71
69
70
71
69
74
69
72
74
69
75
72
70
72
70
75
69
75
69
90
72
75
74
70
70
87
73
69
73
72
74
90
72
71
80
80
82
70
70
72
90
75
74
90
85
82
71
81
71
72
--------
Coluna 2
544091
507875
446839
483777
633742
523910
635913
538583
477983
860348
481060
445382
1033222
543162
462440
556660
475028
680390
499233
543028
465507
526968
767403
520586
445824
444304
441454
795830
509350
467108
444554
449257
441620
563883
436006
910398
451940
443040
496743
538319
508336
445382
483201
452205
672412
473547
505119
460046
549430
441591
438696
488720
482082
460835
519627
675421
481987
758700
509364
490332
466224
446219
509364
656036
443508
566117
436253
454508
548510
545483
503012
573583
511361
454941
452405
716416
480861
498785
637222
446358
457402
664821
462890
598606
457237
465326
503923
572751
580248
519006
617021
437994
596776
588905
517995
640383
504725
470663
611029
437851
495888
549341
746786
550848
510072
449432
511331
446559
452640
456399
469705
656036
488720
434710
449354
460835
688355
587310
443508
632613
499249
445758
473133
450580
506329
445168
516337
571853
1184622
913447
476573
632593
595000
703067
484475
476391
749105
459465
543922
498325
447579
482732
437281
505980
549349
496025
562558
435022
443546
523095
436770
436493
704108
557082
477106
471452
464536
451996
505980
454614
506858
434102
454989
537222
595000
454508
577521
604506
564135
469907
503675
444089
435835
512103
716066
487486
484298
479765
444743
483596
525878
538443
493034
434292
496382
528616
515025
446358
455995
659273
435604
452924
444822
445940
468706
972354
459189
498216
608184
444219
433788
586657
1226583
664670
447346
504725
561334
499001
791084
917220
508548
511289
637080
671292
442612
494638
459007
517000
548361
648223
522881
461678
473836
745768
523067
508891
486332
464945
454508
488706
647882
569761
585203
539563
1038553
567788
732569
721161
509629
474136
450924
477697
553473
496414
453067
466458
483530
560804
447079
528616
485496
502316
467799
469921
444134
443179
497300
607848
501172
441700
483822
514033
470663
472604
487411
558183
439608
456236
541282
518030
459248
548580
526528
447739
586657
581071
437727
575442
554986
592930
632834
504951
484861
449576
459463
505438
479482
467108
467108
849857
558944
691903
684015
461678
466498
530099
554317
450920
695136
698418
464103
526968
450695
548303
529216
526164
506436
439919
734193
737315
544686
468713
548361
556652
691830
520775
442429
607799
660870
440456
471990
483822
500509
487742
498785
532379
493862
469602
464502
446140
480717
529104
456110
451744
680390
438711
483450
857532
454063
1484705
456956
434467
755858
523484
436861
654141
469864
458549
930948
664366
456236
515629
606111
463667
509364
634226
458558
483261
446358
451996
568490
447882
450246
456236
448626
1268339
467579
455995
698363
617860
615893
565313
591711
520231
461337
460408
454915
448337
536725
472070
446771
485117
500002
462294
443508
435638
511517
438139
462255
1366120
495061
434894
441210
593246
449432
473133
440138
462838
529223
456618
651396
451951
517036
436361
497788
529216
441637
526734
543042
501144
631947
489085
436798
443855
438427
437890
540712
549174
460437
806552
604537
487085
436341
484024
1455435
445382
659504
439263
556688
750972
607848
454915
548256
493363
463194
450695
552354
469056
435503
561489
455361
578377
509500
889965
462180
506329
507086
659558
440129
609935
521400
608184
513660
445728
467108
615367
557236
493443
443546
434097
520078
460408
454934
474617
485117
456618
442035
533147
497253
617898
449354
440607
442045
450544
953588
609789
598995
609789
482732
469697
452283
663394
530454
494784
436107
543477
452452
481096
495982
556902
732102
548256
476334
709445
463072
469454
456604
609789
570821
438176
636017
703107
544792
434463
434114
595088
438996
607848
433705
462832
476334
527162
470875
456572
566049
602513
509060
448026
491000
488541
520033
554206
455379
443742
520759
694812
578701
462869
456618
549413
598802
511289
464103
462294
440417
439919
806316
459548
541343
438839
439592
1033222
599629
571017
738812
447066
477209
618191
544268
557853
535978
668319
491421
682947
469572
574271
456460
478829
816750
597843
442274
595461
553405
506329
704108
481987
460408
515712
551962
572751
745817
473171
481175
476558
447488
446512
497486
496856
1161363
435836
441542
444607
459342
452808
447555
673764
446654
434467
479621
472789
454843
456062
588484
809585
493689
445382
482927
503454
574271
462820
478994
434268
501671
594187
439779
509462
435469
548664
498079
447488
466502
558490
456661
509048
468713
653574
706026
511068
452640
475324
470203
513416
535978
442274
721712
615367
472580
549174
437825
1097453
461715
471452
442131
477867
461929
478380
479611
472807
515797
475322
510072
570562
491000
473133
1085515
500720
511668
455361
521665
478457
548361
591711
518530
594187
452406
499197
434430
509866
504871
695411
442359
462966
761006
484669
467611
440647
506830
574005
478205
604045
465974
605502
589809
487347
588003
509629
709798
561334
481987
570002
443546
1125613
454915
440706
532845
498328
604380
583755
437909
510072
557349
501172
609789
476599
557644
706180
606752
673764
460214
475324
547886
554206
456236
462832
440129
584790
481987
799281
657397
496526
440969
487330
444554
512771
466325
440969
512828
531055
437666
472166
653574
502837
444304
436798
745768
478346
857532
715938
747719
569930
433989
475322
585361
452402
502752
492263
543922
766115
461337
456922
584259
493034
538822
542265
498349
491862
448337
477505
469454
749636
433906
437727
668362
449101
981628
470368
746432
451059
499935
473625
566537
456367
455553
693066
539864
447346
478315
435842
485710
436163
514716
--------
Coluna 12
13
16
50
80
30
50
50
60
20
60
80
52
15
50
30
60
55
60
58
50
32
70
2
22
50
50
25
50
60
60
50
32
50
25
50
50
56
60
50
28
60
50
60
20
30
30
24
24
60
50
20
16
20
50
25
12
65
50
50
1
28
24
55
50
60
12
50
55
20
10
50
55
50
70
20
50
20
60
30
20
30
60
12
75
24
24
98
15
60
56
16
60
80
25
33
54
15
24
50
15
50
55
60
30
20
8
25
25
30
24
55
15
15
10
10
30
50
25
6
16
50
55
50
64
25
50
24
60
50
19
30
18
60
72
25
50
60
28
5
55
50
60
50
20
60
16
60
24
6
30
20
20
20
60
60
25
20
8
30
50
20
24
50
80
50
50
58
50
50
50
30
50
8
50
20
32
55
50
60
12
70
25
30
24
60
80
25
50
28
21
60
50
20
60
32
55
20
24
55
60
64
26
60
60
14
60
50
60
55
50
50
20
32
60
25
20
10
50
16
50
5
4
55
30
50
20
20
60
50
30
65
50
25
15
60
20
59
24
15
50
20
25
72
50
20
20
50
18
70
55
30
50
32
55
24
56
50
50
60
55
50
30
16
50
33
60
20
30
20
20
30
20
75
60
50
50
60
25
15
50
50
6
20
50
50
18
55
50
50
56
20
50
70
15
28
50
50
25
60
7
30
70
50
60
15
28
60
30
50
65
55
50
55
20
52
15
10
30
60
50
20
25
5
60
55
10
99
25
30
20
30
70
70
20
60
20
20
70
20
30
50
55
58
50
65
60
16
52
50
25
32
30
50
30
50
55
50
20
1
75
30
8
60
55
20
50
50
55
75
32
80
80
50
60
20
50
15
20
50
60
52
28
50
60
20
25
8
60
50
25
33
25
55
70
50
50
50
60
53
20
60
60
50
30
54
54
28
60
20
8
99
30
30
30
65
60
25
60
55
80
50
30
60
62
20
16
72
60
60
30
30
25
59
12
20
60
50
60
50
50
80
7
50
10
50
65
50
57
60
50
25
55
30
50
24
20
20
60
16
50
30
60
50
50
60
55
50
24
6
30
52
55
50
50
60
70
5
30
50
60
25
50
32
50
50
78
60
20
52
90
50
50
15
60
16
50
60
66
50
50
30
50
60
75
60
5
24
25
25
60
50
65
55
80
55
50
14
65
50
58
30
9
55
15
50
12
30
70
30
50
24
30
50
65
8
6
16
30
52
50
50
50
50
50
20
16
50
50
10
60
60
60
50
50
20
52
30
30
60
70
60
21
70
24
50
60
50
10
55
20
30
50
16
18
60
60
50
20
50
50
12
60
60
80
50
20
50
50
60
15
50
70
30
50
90
50
16
72
32
30
60
55
60
60
70
10
50
50
20
50
50
20
30
50
50
49
60
50
56
50
84
30
55
10
24
30
50
60
8
24
50
54
15
20
25
65
10
60
99
15
16
55
55
50
50
50
50
50
50
60
70
18
55
80
25
60
25
50
50
20
30
50
55
20
50
50
50
3
50
70
50
60
55
50
30
70
50
20
80
60
50
50
10
16
60
70
10
30
20
50
20
50
30
32
30
60
17
60
50
16
4
55
60
10
55
30
5
53
16
15
70
50
60
25
28
50
55
30
50
65
55
17
55
8
15
50
30
50
50
75
68
65
30
70
60
60
50
12
60
30
50
30
8
22
50
50
55
52
50
18
55
25
50
60
50
10
10
70
20
27
55
25
24
15
15
20
60
60
60
20
60
60
20
50
50
50
50
60
90
65
20
25
25
60
50
30
30
25
3
70
60
30
10
30
50
50
65
55
54
50
65
50
25
30
60
84
52
50
25
24
20
3
25
25
30
20
55
54
60
50
52
20
50
25
60
60
50
55
25
50
60
60
30
56
25
25
50
65
50
8
50
50
70
60
50
21
15
20
20
30
13
65
50
30
50
65
52
25
60
50
50
50
52
3
24
50
55
27
50
55
25
30
20
60
50
70
60
20
60
30
15
50
50
25
49
50
50
55
24
50
60
56
75
50
25
24
28
58
5
70
55
15
50
20
25
50
30
50
20
50
50
55
50
25
20
30
32
10
55
11
50
20
50
65
60
50
84
30
55
18
60
70
60
60
30
50
50
50
60
55
60
25
60
20
10
30
30
50
20
20
24
50
30
55
60
55
60
50
20
60
50
60
20
30
58
55
25
30
60
33
50
50
16
27
30
75
50
8
50
30
50
60
98
60
70
5
2
50
25
20
16
10
55
22
30
50
80
50
10
85
52
20
50
56
30
30
30
25
60
30
32
30
60
25
30
52
60
50
65
32
60
75
25
60
60
55
60
52
9
15
56
30
30
55
50
56
60
50
15
30
50
60
15
60
30
10
56
25
50
84
70
65
20
50
50
20
56
50
30
55
60
20
50
55
50
30
65
50
50
15
25
49
50
50
50
70
60
60
50
50
60
30
50
60
50
30
65
50
18
55
55
50
60
50
70
65
80
50
25
55
50
20
55
50
50
50
50
60
50
30
50
50
50
50
25
20
72
50
60
28
3
30
50
55
30
60
50
54
16
60
50
62
84
26
25
20
52
32
25
50
70
50
60
54
60
20
60
20
30
50
60
18
50
50
30
60
25
50
32
20
59
60
50
15
32
50
50
50
50
55
50
50
12
20
25
20
55
20
50
55
20
60
50
20
50
30
50
16
15
60
50
52
50
20
25
65
20
55
24
50
28
25
50
50
60
16
60
20
16
50
50
60
32
55
12
60
20
50
99
25
50
65
32
32
30
20
20
20
20
15
50
27
56
27
60
60
20
32
60
50
60
30
60
50
60
50
75
50
60
20
50
30
50
50
30
60
50
50
20
60
20
50
22
55
50
60
50
5
28
30
8
30
30
30
30
50
80
20
50
30
55
30
30
50
30
50
20
56
50
50
20
66
32
60
50
50
75
20
60
10
30
10
50
30
20
50
16
50
52
50
24
30
60
66
70
24
30
20
72
50
20
60
60
30
31
25
60
25
24
50
24
20
55
84
30
14
50
60
60
30
20
30
60
21
62
10
50
24
52
20
8
56
50
60
60
20
52
30
25
15
55
50
30
50
50
50
15
20
60
50
12
60
70
15
50
20
60
50
50
20
60
22
20
60
16
24
50
99
50
60
30
84
52
54
50
78
20
50
50
50
30
20
15
20
60
20
50
50
50
50
12
50
50
20
60
55
30
30
28
60
20
20
20
65
49
18
60
30
50
20
10
70
56
25
50
72
10
10
5
25
30
49
20
25
25
60
30
50
30
50
30
75
70
50
50
24
55
50
25
50
20
30
20
20
85
30
56
50
99
12
25
80
20
50
53
27
16
50
50
30
80
52
20
50
60
84
65
50
12
60
50
50
50
20
50
50
10
20
70
20
55
20
20
50
50
10
50
12
50
25
50
12
28
50
30
10
50
50
65
18
32
30
30
50
30
50
55
50
99
70
55
50
56
30
60
65
30
20
60
20
24
25
55
50
60
12
50
50
60
70
60
50
60
60
30
10
30
50
26
55
60
30
30
70
24
50
60
30
51
55
16
50
50
3
50
27
50
50
21
50
50
60
30
60
10
60
12
20
25
50
60
50
25
16
55
24
24
50
20
30
60
12
60
15
50
25
50
50
52
60
30
8
50
50
50
10
60
20
55
50
20
15
30
12
20
15
70
15
20
50
20
13
50
30
25
8
65
77
84
28
50
55
32
60
60
52
50
60
10
8
50
60
50
20
84
50
60
16
50
30
20
20
50
70
70
50
20
60
30
50
16
50
9
54
32
50
32
60
70
60
50
20
60
90
20
65
50
50
50
60
30
75
50
50
50
30
50
50
20
8
24
50
18
15
60
25
20
15
60
60
60
50
50
8
20
20
16
50
60
50
10
50
20
50
30
50
60
60
60
60
55
50
50
30
25
50
20
60
49
15
30
30
24
50
50
30
25
50
10
30
50
60
15
50
32
16
60
98
55
10
58
25
60
65
60
60
20
50
50
18
55
60
55
24
30
50
30
20
30
55
70
60
55
50
30
30
49
30
50
55
2
50
20
26
50
50
20
15
60
16
20
50
25
20
52
50
20
75
50
12
25
30
20
60
20
60
80
25
12
20
20
20
15
30
12
60
50
50
55
50
20
32
60
55
8
60
25
55
25
60
55
25
20
60
20
60
30
56
20
30
25
50
30
24
53
30
20
70
20
60
99
50
20
30
12
21
55
25
64
10
25
28
60
50
60
33
30
70
20
63
99
30
50
50
50
32
60
25
16
12
55
55
60
80
25
65
10
25
20
50
18
32
50
80
75
50
25
80
10
16
25
50
12
30
72
60
30
75
30
60
55
56
60
30
50
20
72
30
30
50
30
50
50
20
70
55
60
60
3
50
55
24
75
50
25
50
25
25
50
60
50
1
50
20
30
60
30
15
50
50
50
33
27
32
50
50
50
16
50
30
80
30
60
60
56
20
50
50
30
72
50
65
30
12
60
10
60
25
55
50
32
60
50
25
55
30
50
22
1
20
15
20
55
60
20
10
50
18
20
60
60
50
70
70
12
16
55
30
60
24
60
6
50
8
24
11
25
20
30
50
53
60
60
20
50
50
85
30
50
50
20
20
30
50
15
30
50
20
24
50
50
55
25
50
16
20
60
30
50
55
32
16
55
30
55
50
60
20
50
20
28
50
70
60
16
24
50
50
50
25
50
50
60
60
50
30
15
50
50
60
60
60
50
30
60
75
60
20
68
30
55
5
10
24
16
32
55
70
50
50
98
8
60
55
60
30
60
70
30
80
10
18
23
30
24
30
50
70
50
55
60
32
50
70
50
50
50
20
60
60
20
50
70
55
16
50
24
50
60
55
60
15
25
5
60
50
52
9
30
15
20
50
60
60
50
60
55
50
20
60
55
50
24
60
50
60
55
60
10
65
30
4
30
20
30
20
60
30
56
20
30
10
60
20
30
28
50
50
12
60
55
25
15
55
20
55
8
50
25
50
50
30
70
25
55
30
24
25
55
30
16
50
50
20
60
87
65
50
50
60
54
30
88
16
73
70
50
50
8
60
17
32
25
18
70
15
24
25
10
52
50
30
24
52
60
32
60
30
51
20
20
65
60
20
50
90
33
55
50
60
75
10
50
30
30
13
55
49
50
80
55
10
50
55
20
50
50
50
55
30
20
50
50
52
30
30
60
63
25
60
50
60
25
50
55
50
50
50
6
30
50
55
25
50
60
10
99
30
60
15
75
18
55
65
50
50
6
25
70
65
50
20
30
50
60
16
25
16
66
25
14
60
14
90
25
65
60
50
50
50
20
20
20
16
60
60
50
55
72
50
20
25
25
90
80
15
24
50
20
60
60
50
10
55
10
70
20
7
25
5
20
50
52
15
50
55
60
26
50
20
50
80
60
50
70
20
12
50
30
2
8
72
60
50
12
50
24
60
20
60
10
32
60
32
52
60
20
50
25
99
70
32
50
50
70
60
50
30
50
30
75
25
50
60
50
30
50
63
30
60
75
52
60
50
50
60
65
60
10
30
20
20
50
15
12
50
60
21
55
50
2
60
55
20
53
20
50
20
50
32
20
25
20
50
50
50
30
50
50
30
20
25
65
50
20
70
65
30
60
20
50
80
56
50
28
50
60
25
20
50
6
10
25
15
20
32
13
50
89
60
25
50
30
50
60
60
32
60
10
8
15
60
55
60
75
30
55
20
30
50
32
55
50
60
60
30
20
20
20
30
30
50
12
72
20
60
60
50
50
60
60
55
55
30
20
30
60
8
20
50
15
20
30
50
25
20
70
60
55
25
50
30
15
55
60
50
24
55
12
10
32
25
50
50
58
24
57
25
50
50
60
30
50
22
60
20
30
30
55
25
23
50
15
10
20
50
50
50
30
30
20
60
60
60
50
30
8
20
20
20
60
15
50
52
25
50
60
70
60
70
32
24
20
60
27
80
60
25
50
20
50
30
20
25
50
50
50
52
30
60
15
50
25
50
50
30
80
50
20
25
20
55
30
50
24
15
55
50
80
50
32
50
50
20
28
15
20
70
50
65
24
50
10
60
10
25
60
20
50
15
60
30
75
50
56
24
97
52
32
55
70
70
50
50
50
60
12
25
58
25
60
55
25
50
60
20
6
50
24
52
21
24
50
30
60
30
60
8
56
50
30
16
60
52
30
20
55
32
8
15
50
50
55
25
60
20
20
30
50
30
60
54
85
78
58
50
20
60
30
50
50
50
50
30
50
50
50
80
55
60
55
56
16
50
50
60
20
60
60
58
20
8
60
60
50
22
30
50
50
26
20
20
16
32
10
32
30
20
50
50
30
20
60
55
10
60
30
50
32
50
20
60
50
15
30
65
55
20
32
49
55
55
32
24
60
90
60
60
30
26
90
50
50
50
27
24
50
30
60
63
84
24
15
99
50
20
50
50
50
20
30
18
25
50
65
28
10
4
30
30
50
75
60
50
60
52
65
20
55
30
50
50
15
16
12
84
60
60
60
50
32
50
80
50
50
24
18
65
24
65
33
60
50
49
25
55
20
8
50
10
59
50
80
30
50
15
32
50
50
20
60
60
50
50
50
60
50
72
30
70
65
50
20
18
60
20
50
30
52
52
30
70
15
30
55
28
25
30
60
70
33
30
50
50
55
80
50
72
30
30
20
99
33
50
28
80
60
55
30
30
50
18
65
50
24
55
16
25
32
50
50
20
1
10
60
20
33
30
50
70
50
10
60
30
55
50
50
15
22
60
50
9
32
32
24
60
55
16
55
80
20
30
30
60
10
50
10
25
80
30
20
60
50
30
60
15
65
65
20
21
10
84
50
80
30
60
65
32
99
30
50
60
15
84
60
70
20
50
30
20
50
60
15
25
65
80
20
16
50
50
27
50
30
31
60
50
60
50
80
20
50
16
50
60
60
50
32
60
33
80
50
60
20
52
99
16
12
50
50
60
50
19
30
60
75
50
50
20
60
30
16
52
30
6
6
15
12
60
10
55
55
50
11
75
60
20
50
20
70
25
60
28
50
50
20
50
55
30
60
20
50
30
55
50
50
15
20
50
58
50
50
30
58
50
30
50
55
72
50
30
50
30
50
25
60
65
65
60
60
20
25
18
20
55
30
60
50
50
8
50
65
30
25
22
50
32
55
80
50
60
60
50
20
60
60
60
24
50
50
20
50
10
50
50
94
55
50
30
50
60
20
50
26
15
55
30
20
30
30
55
60
70
15
20
10
15
60
30
50
50
50
75
24
50
50
30
50
15
55
50
50
50
60
50
55
18
50
16
25
20
50
60
12
50
10
50
60
51
50
50
28
32
55
60
70
24
8
20
50
60
30
60
60
50
50
30
25
30
12
50
30
4
10
60
50
14
60
15
24
20
50
50
20
54
65
25
50
50
19
55
50
80
56
25
60
16
50
32
30
52
20
52
50
32
55
30
50
60
55
30
10
25
30
30
50
49
24
8
50
25
20
65
70
15
12
15
25
60
17
20
30
60
72
25
70
20
50
54
30
12
60
30
60
66
30
30
60
33
50
60
30
32
25
56
28
80
32
26
12
50
60
33
50
28
60
55
30
29
50
50
30
20
60
30
25
55
20
25
66
50
30
8
65
20
50
20
10
30
65
50
25
65
50
60
25
30
20
50
50
8
18
50
28
85
50
53
20
20
50
80
55
20
15
60
29
50
56
20
25
50
60
32
15
21
60
65
60
50
55
55
50
30
6
25
50
50
50
99
50
50
4
60
50
56
99
50
27
30
30
70
28
30
60
32
15
50
50
25
11
50
64
50
50
80
55
50
55
24
24
65
15
50
60
50
70
50
20
55
25
50
60
56
10
17
20
55
60
24
60
60
20
50
20
55
50
25
15
75
60
8
53
50
70
50
55
25
55
19
25
30
25
28
32
25
25
77
24
55
60
85
50
72
30
60
15
60
20
50
60
72
70
32
70
20
20
50
21
20
60
50
30
50
64
65
30
60
84
50
12
50
16
80
65
99
30
20
50
60
20
25
30
30
30
50
50
60
50
70
9
50
26
15
7
60
30
16
55
30
72
30
25
32
17
60
50
30
60
20
19
70
26
50
30
55
32
32
60
85
56
99
50
60
20
60
50
20
18
52
72
26
25
20
50
7
30
15
30
25
50
70
25
30
50
63
70
50
20
50
14
15
60
50
20
60
30
50
50
26
15
60
25
60
50
52
30
50
50
70
96
49
20
4
66
20
16
20
30
50
11
20
50
50
24
52
30
24
65
50
12
25
20
50
60
8
99
65
50
15
25
20
60
20
50
15
24
50
55
67
50
60
55
70
20
20
25
57
20
25
50
50
24
25
60
56
55
30
56
77
25
50
30
60
50
60
60
60
60
75
25
50
50
25
50
50
24
50
65
60
15
50
16
60
25
14
50
50
4
50
25
50
50
50
20
30
56
55
50
50
55
30
25
16
50
30
20
55
50
20
82
20
70
60
50
50
50
70
20
20
50
72
60
30
50
30
20
52
25
50
10
50
20
25
50
70
60
30
25
28
20
60
15
2
30
20
80
24
50
60
58
50
50
50
55
72
50
10
20
50
30
50
60
50
50
50
55
70
30
50
25
50
55
54
50
60
90
3
12
25
70
20
25
55
55
30
50
30
25
55
25
25
55
30
99
50
52
24
50
25
50
25
50
50
60
60
50
57
4
60
60
30
20
50
60
55
50
60
60
72
8
20
55
21
20
60
50
15
65
50
50
20
30
60
50
60
50
25
50
50
20
50
50
60
70
50
60
50
60
50
30
60
80
50
55
30
10
55
30
80
24
50
30
25
50
50
50
70
55
30
60
50
25
60
50
25
30
32
20
60
50
72
50
24
10
50
20
20
20
50
60
70
70
60
50
10
50
50
49
50
20
50
20
50
30
50
55
50
15
50
50
72
5
20
30
60
30
50
20
50
70
20
15
60
8
9
50
30
6
20
60
20
50
50
52
30
50
24
25
16
50
16
50
72
52
30
32
50
65
20
30
19
55
50
6
33
20
50
15
20
30
15
25
20
50
60
60
25
55
18
30
50
62
1
25
80
16
50
60
27
20
65
50
60
65
58
66
60
10
28
60
97
30
60
60
20
30
30
60
20
20
20
60
50
55
20
50
25
20
10
72
72
50
15
60
20
50
25
12
20
65
50
22
55
12
50
32
30
55
20
32
50
60
55
25
60
8
52
60
50
16
16
60
60
55
15
20
60
10
26
15
50
55
25
12
60
60
30
72
20
60
50
60
60
30
50
60
50
60
10
20
50
20
30
12
30
20
15
50
50
60
50
50
25
15
60
30
60
2
30
50
50
60
60
32
72
7
20
60
50
30
50
60
20
20
99
84
20
60
60
50
30
60
30
32
72
20
20
30
56
50
30
54
50
30
50
54
55
15
50
50
60
60
20
60
52
60
20
51
50
30
20
70
22
50
50
20
12
50
50
12
60
55
60
50
80
50
20
50
30
30
15
30
30
50
30
55
55
20
60
4
20
33
60
26
30
30
50
20
25
20
50
30
30
55
12
50
30
60
20
25
15
60
30
25
60
55
5
20
30
50
25
56
12
30
30
30
60
50
60
55
30
65
50
16
60
55
50
50
99
10
60
20
50
20
50
8
20
60
60
60
55
20
50
50
16
50
10
60
30
25
20
50
50
32
70
70
10
30
16
50
8
75
50
50
30
52
20
85
80
50
30
24
20
25
62
25
20
25
12
50
50
25
50
60
54
50
20
70
30
50
17
8
28
60
60
32
20
50
20
50
60
10
50
50
60
50
55
16
50
60
60
50
50
65
30
32
50
65
15
50
55
5
50
23
60
16
80
60
20
20
50
65
50
30
50
30
60
30
60
30
10
50
32
60
65
65
25
10
80
30
70
99
30
50
60
60
20
4
50
20
25
55
15
50
30
25
50
20
50
50
30
55
15
60
24
24
75
60
50
30
30
51
65
50
50
21
60
18
60
50
50
20
50
25
20
60
60
25
30
55
50
15
99
55
24
50
12
32
50
30
20
15
6
50
30
7
50
24
70
55
6
55
25
60
25
60
80
14
30
62
60
16
60
32
60
50
55
24
20
65
25
20
2
50
90
24
50
65
55
50
50
49
60
8
50
50
52
25
50
65
28
63
28
16
60
20
3
80
50
8
50
50
20
60
25
25
50
50
50
24
80
52
10
49
25
32
30
60
25
30
50
60
10
50
25
30
50
60
15
25
7
20
20
20
20
25
50
4
20
55
57
28
24
50
70
50
72
29
64
20
25
56
25
50
16
20
30
20
20
20
70
50
15
20
58
60
32
50
60
27
50
50
55
20
60
60
50
72
50
20
30
70
25
50
21
50
20
55
60
25
25
10
50
30
50
4
60
50
60
55
60
60
15
21
54
55
60
10
60
30
50
25
30
50
20
25
30
60
50
12
86
80
55
50
50
23
15
20
25
24
55
2
20
50
50
8
70
60
50
55
60
30
60
25
50
50
50
24
20
50
50
60
50
20
30
75
20
50
25
25
50
20
55
32
50
20
60
50
20
50
15
55
20
60
16
50
50
20
50
50
30
60
8
60
60
18
20
30
55
24
50
30
52
50
55
65
60
32
55
20
30
50
99
50
60
28
70
60
55
20
99
60
25
50
60
60
23
56
12
75
30
50
12
50
99
10
60
80
30
20
65
24
50
55
50
50
17
70
26
65
70
70
50
6
55
50
50
50
60
52
3
50
55
50
33
84
75
50
25
75
30
52
15
72
60
55
55
70
30
20
15
10
8
20
60
60
25
50
25
25
50
55
50
60
20
50
50
55
50
50
55
56
30
50
58
50
50
15
25
12
5
50
50
50
20
10
50
4
50
55
25
60
99
60
12
50
50
72
25
50
50
25
24
50
60
60
20
20
50
60
24
30
26
55
25
84
20
60
25
22
30
56
50
15
12
20
30
55
55
15
65
20
30
30
55
50
55
50
13
2
30
50
50
60
28
52
50
56
50
30
28
13
24
60
25
6
50
10
22
50
65
30
55
58
25
10
50
28
30
15
50
8
12
60
30
55
50
15
24
32
24
65
60
50
13
30
60
10
50
50
30
50
65
50
50
20
50
20
32
50
50
20
5
30
3
50
25
30
30
55
20
50
12
50
16
50
55
60
30
60
50
30
32
50
50
18
30
60
60
7
60
70
50
50
50
58
50
50
50
60
50
25
25
15
70
50
30
20
60
25
20
20
70
70
50
5
20
20
25
65
70
8
60
65
50
62
30
20
84
15
70
20
50
27
30
30
50
55
30
50
60
70
50
50
60
60
70
60
9
50
23
20
10
16
50
70
50
30
50
30
20
32
10
20
17
55
50
30
50
30
60
20
50
20
65
60
30
24
80
30
84
60
60
50
20
32
25
12
70
15
16
4
58
30
50
30
55
55
20
60
60
10
24
50
56
50
24
20
80
15
60
20
55
11
50
16
30
50
6
20
99
50
64
60
50
52
25
50
6
50
25
25
54
20
60
20
50
91
70
2
50
60
60
60
8
50
25
50
25
50
52
50
25
24
50
50
50
20
60
60
55
55
20
50
50
49
27
65
60
72
25
30
25
50
20
32
5
20
60
32
56
81
50
30
50
28
15
20
8
28
15
50
12
70
30
50
30
50
50
50
15
50
50
55
20
15
28
55
30
50
50
60
25
50
60
15
20
16
30
60
50
20
32
20
50
19
50
60
20
55
50
60
15
20
50
65
32
50
15
72
60
55
65
55
12
32
50
50
50
50
50
60
60
60
50
52
25
50
84
70
60
15
53
60
60
52
20
50
99
52
20
60
20
16
70
60
16
50
20
30
50
32
30
60
10
25
33
12
30
32
50
50
55
14
15
30
50
50
30
60
18
20
50
50
30
20
20
55
20
25
24
51
55
20
99
24
25
55
60
30
50
4
25
20
50
24
20
30
50
50
20
62
50
33
70
50
55
15
20
50
50
70
60
20
15
50
50
65
50
20
50
50
30
20
25
8
30
60
22
55
55
60
50
50
27
30
50
65
50
76
20
65
18
60
18
80
60
16
78
60
55
30
50
12
72
50
50
60
50
3
20
30
60
15
55
30
24
50
60
75
50
60
20
15
50
99
50
50
16
60
16
16
10
24
80
20
30
55
20
25
99
15
30
25
50
30
56
50
32
50
60
20
60
52
20
50
60
32
22
18
32
33
30
50
75
50
4
20
60
80
55
10
30
30
60
4
50
60
50
50
20
70
30
65
50
55
20
72
50
28
50
65
10
50
8
50
50
50
50
6
24
7
50
50
55
60
60
84
50
20
14
20
50
55
50
55
20
55
50
18
55
60
50
50
30
4
55
70
50
24
50
70
25
84
30
50
25
50
50
25
55
10
50
72
32
50
25
15
24
50
52
50
55
12
27
32
60
23
20
98
30
50
75
21
60
20
53
55
52
10
28
25
60
53
25
25
50
15
20
65
70
50
50
50
30
50
50
27
25
20
50
24
50
60
30
50
8
30
50
15
50
30
15
50
80
65
50
60
20
75
50
80
50
25
32
60
16
50
65
50
55
60
50
30
50
25
5
50
50
20
16
60
60
22
30
16
50
8
60
8
20
60
30
20
20
32
50
54
50
20
32
20
25
6
3
20
66
32
20
30
50
50
32
50
55
50
50
50
15
10
30
15
20
30
55
20
10
15
10
50
15
20
50
72
50
25
50
50
60
30
50
16
60
50
60
50
21
60
50
70
30
80
65
12
25
20
50
50
60
25
50
20
60
15
26
80
50
50
60
50
20
60
10
50
8
50
60
15
20
7
24
27
50
32
30
15
30
56
50
30
15
50
75
20
25
50
30
50
80
32
15
70
60
30
25
50
15
15
20
50
20
60
20
50
15
30
60
25
70
19
50
50
50
8
16
32
60
30
20
56
24
50
50
30
60
20
8
24
70
15
60
25
50
20
55
55
20
15
56
20
60
50
50
50
60
20
20
25
10
60
6
50
50
65
65
60
60
65
25
22
50
49
25
20
50
30
55
65
50
50
55
52
30
54
24
30
56
50
20
60
50
32
20
15
50
55
55
30
30
32
15
60
20
60
20
18
30
32
20
24
30
25
15
50
15
15
50
50
55
30
60
70
10
50
28
60
22
50
50
20
25
50
16
56
20
15
55
20
20
60
50
60
25
50
99
65
15
50
50
50
20
50
26
25
28
60
50
80
10
50
50
60
70
28
15
60
88
15
9
20
50
20
98
50
50
10
56
53
8
20
68
60
99
30
20
20
50
55
60
30
30
60
20
32
10
50
70
50
65
25
50
25
20
50
30
20
20
20
20
55
25
60
50
32
60
50
60
50
50
15
60
50
70
50
30
50
25
20
60
50
29
25
80
30
15
50
30
20
25
12
10
55
16
30
30
50
50
20
60
65
50
70
60
56
25
10
55
98
60
50
12
50
50
60
20
25
50
20
80
25
50
30
16
20
50
30
24
15
14
50
60
55
50
7
30
50
50
50
80
60
25
7
50
60
16
15
60
60
55
30
70
12
30
20
4
65
50
20
16
60
4
55
28
7
60
60
28
84
21
20
25
50
50
14
60
12
30
30
23
25
50
20
8
20
25
25
60
30
16
56
20
24
20
60
60
50
20
60
13
57
50
50
55
14
60
50
25
30
50
55
50
60
65
50
50
50
8
60
52
72
99
60
81
60
20
20
30
60
50
55
5
2
20
30
60
30
15
24
15
50
50
65
50
20
26
30
57
60
30
50
50
70
20
32
15
60
50
15
18
25
12
60
70
60
50
55
50
55
20
50
50
30
24
55
24
25
60
32
50
50
16
16
60
50
25
55
20
25
60
65
25
84
29
52
60
8
60
20
50
50
25
50
60
60
70
50
50
50
15
60
32
12
50
50
50
8
24
50
20
20
30
50
60
60
50
16
15
16
52
20
50
18
50
51
30
60
50
32
20
60
50
17
18
30
25
50
65
20
16
30
50
50
50
50
50
18
15
50
50
26
55
15
50
50
50
20
30
18
30
25
33
30
50
50
70
32
60
50
70
55
50
50
16
15
50
60
12
50
50
30
20
50
50
50
28
30
32
20
20
60
20
50
20
60
55
50
30
25
50
65
51
60
50
60
60
30
60
50
25
6
25
25
50
30
50
65
60
50
50
50
20
50
50
50
32
6
50
60
32
20
65
70
58
4
50
24
4
70
55
60
20
30
50
24
60
50
27
15
50
60
50
50
65
50
30
53
32
20
65
60
50
20
50
15
50
20
8
60
70
24
55
30
50
50
15
50
50
56
70
30
70
55
25
5
50
30
30
60
50
98
50
50
30
50
50
55
50
50
53
30
24
60
60
25
55
55
60
13
60
70
25
60
50
14
30
50
10
60
20
10
20
60
50
20
30
30
60
60
50
25
32
50
50
20
50
25
55
9
50
60
56
20
50
55
50
54
30
30
30
70
20
50
20
30
60
15
50
20
50
55
50
55
30
25
68
16
50
99
25
25
55
32
50
20
30
55
25
50
50
30
4
25
50
32
15
55
10
84
50
60
50
64
60
20
32
50
60
25
60
65
60
50
20
30
15
55
84
60
50
50
50
50
55
20
30
50
50
75
60
20
60
60
15
16
50
50
25
60
50
50
60
50
30
50
20
20
30
15
30
30
55
60
50
30
25
50
84
52
50
55
50
60
4
30
50
50
51
20
65
55
32
50
20
50
32
55
60
20
99
20
55
10
32
10
50
25
50
25
18
60
20
10
60
50
52
32
60
60
20
13
50
30
25
65
24
20
15
3
30
20
55
30
80
25
50
20
30
60
50
55
56
55
10
50
21
50
20
20
5
55
10
33
50
8
50
25
50
99
52
30
32
24
15
25
50
50
30
60
8
30
55
50
24
25
7
20
30
12
25
15
50
20
16
18
15
55
52
60
24
70
50
76
99
15
53
60
92
60
15
49
18
20
60
25
54
50
50
15
15
50
16
15
24
25
32
15
50
32
54
30
18
30
30
8
50
50
20
25
50
50
50
50
20
10
50
60
20
28
30
55
60
30
50
60
52
50
25
20
50
50
60
50
20
50
75
55
30
30
50
50
2
50
60
50
52
50
25
60
60
55
15
68
24
55
15
30
50
22
50
70
99
20
58
33
30
50
30
60
50
24
80
15
55
2
55
60
10
50
90
50
55
50
12
12
50
16
30
55
30
51
10
25
30
50
50
20
56
56
30
49
30
12
24
30
60
55
60
20
50
20
99
50
32
55
30
20
15
25
30
5
60
55
57
25
25
67
50
56
70
30
32
20
30
32
60
8
60
10
60
30
16
50
60
24
60
65
75
50
20
12
57
50
65
30
32
60
25
60
25
60
10
15
25
20
70
60
16
10
65
50
50
55
60
30
55
99
56
20
65
25
50
60
10
12
1
55
50
50
30
20
20
10
50
50
15
50
3
55
25
18
8
56
55
30
30
30
60
80
50
52
70
60
50
30
50
30
30
60
24
50
65
50
70
30
60
70
15
55
50
20
24
20
60
54
32
25
60
30
50
60
50
30
60
50
7
50
25
25
30
80
10
25
16
60
50
30
5
80
20
50
56
20
52
50
20
70
50
50
60
30
22
55
25
80
50
50
30
65
15
55
15
20
55
25
20
65
99
28
75
50
80
24
50
50
50
60
16
12
50
1
20
10
50
60
30
25
55
25
30
18
6
55
50
15
70
50
68
28
30
50
60
25
25
15
50
24
20
60
60
60
25
50
30
25
50
30
57
20
50
50
60
25
20
65
75
32
70
50
50
20
55
55
15
70
50
8
50
60
50
50
50
50
32
13
30
8
50
8
30
30
50
25
80
49
20
52
8
16
16
25
15
25
50
55
60
32
28
8
10
30
60
60
30
50
56
60
50
50
30
50
30
55
50
60
32
50
50
60
60
55
60
20
50
20
84
50
30
24
25
55
60
20
60
20
65
25
10
20
65
50
10
67
55
20
15
65
55
25
60
60
55
60
20
60
30
55
77
53
70
50
60
55
32
50
55
50
50
70
70
50
25
65
15
70
15
60
30
60
21
2
20
20
70
84
50
50
65
25
30
14
19
80
80
12
25
10
50
50
30
50
50
50
15
65
50
50
50
50
13
60
22
60
54
30
60
50
55
56
25
60
17
8
30
50
30
50
50
80
20
10
50
20
60
15
50
20
65
30
62
15
14
50
24
50
50
60
55
20
65
55
20
30
50
75
60
55
6
24
20
20
30
50
24
60
60
50
12
20
20
64
60
57
75
33
25
56
50
50
50
50
72
55
50
50
24
60
50
24
50
90
30
50
20
60
60
15
28
65
10
50
55
20
65
20
55
30
50
30
10
50
24
20
20
65
15
50
50
25
30
32
50
32
50
60
30
50
70
30
60
50
70
20
52
10
60
55
50
24
50
65
50
60
15
50
60
55
60
70
5
22
20
99
60
50
50
30
14
65
24
30
56
30
20
55
50
16
52
25
30
15
56
50
32
30
24
50
60
99
50
10
25
28
55
17
12
32
28
8
50
60
14
50
16
52
60
50
50
20
60
60
50
30
27
60
50
65
30
50
84
65
20
25
50
10
7
12
50
60
6
16
50
50
20
23
20
50
30
10
55
70
60
15
50
20
50
49
32
25
60
61
60
62
15
65
3
15
50
50
55
50
50
52
60
55
50
20
50
30
25
50
50
50
25
15
80
70
30
30
60
10
70
20
50
30
28
50
60
25
20
60
20
24
65
10
60
55
70
20
32
65
20
55
60
60
55
55
65
60
20
55
10
30
30
50
50
50
50
60
25
60
30
20
50
20
65
25
25
60
60
10
70
20
65
55
55
60
65
32
65
15
60
80
20
50
65
50
55
50
20
24
56
50
50
50
50
50
50
30
50
55
20
55
17
20
60
65
20
20
55
30
60
17
50
15
55
50
25
75
50
22
70
50
7
50
50
52
60
30
20
30
60
25
20
19
55
55
28
12
60
12
50
32
7
60
10
50
50
24
30
60
60
60
30
12
50
30
25
30
15
20
30
60
50
50
60
55
60
85
20
55
50
60
60
30
15
91
85
30
22
60
55
30
28
50
50
65
55
20
80
30
25
18
50
32
52
56
52
55
16
30
72
20
25
20
5
50
50
27
50
20
30
15
50
30
30
50
50
60
10
30
50
50
20
55
80
20
50
21
50
27
50
60
50
50
50
50
20
60
60
60
25
20
55
60
60
25
25
65
18
70
24
60
54
30
15
25
50
28
50
60
60
50
30
10
24
32
60
24
50
20
65
60
2
25
70
50
50
50
50
55
65
30
50
10
30
30
12
50
60
15
12
50
50
23
12
80
12
60
26
50
20
6
50
15
10
99
72
70
30
70
15
20
60
84
15
32
25
30
50
16
50
20
55
60
50
50
50
50
50
15
30
60
50
30
30
55
30
50
70
60
25
25
30
60
99
16
60
20
60
60
60
10
22
55
27
55
24
50
60
75
70
25
20
55
2
60
84
50
12
55
50
32
50
20
27
30
55
70
15
50
50
50
50
55
55
60
16
15
60
30
50
63
50
60
50
55
50
25
13
32
22
20
9
30
60
22
15
60
25
50
50
55
50
50
60
25
8
99
24
55
4
30
32
50
50
72
50
16
60
20
50
30
50
60
70
55
16
50
50
50
10
30
50
50
50
50
50
50
60
16
20
30
32
10
60
55
15
32
20
20
21
15
15
65
10
64
60
10
50
99
15
16
4
15
30
50
50
50
53
20
60
30
60
20
50
15
70
8
50
62
29
50
60
55
20
60
20
22
25
70
70
30
20
55
10
20
50
24
20
10
50
50
20
20
30
12
15
50
50
50
60
25
60
20
15
50
50
55
52
50
25
20
60
4
15
30
15
50
52
10
90
20
20
4
1
50
60
50
75
70
50
50
20
65
20
30
23
50
55
60
55
20
50
60
20
60
50
55
10
50
60
50
70
50
60
20
12
28
50
10
32
60
30
4
50
60
57
80
50
55
50
20
24
98
28
25
60
12
16
32
30
12
20
24
60
20
30
27
60
25
12
15
50
10
16
20
55
20
60
25
60
65
55
32
55
30
28
60
32
30
50
50
3
12
24
50
99
50
15
20
53
12
2
20
80
55
30
50
20
25
32
20
50
25
60
20
55
30
25
50
8
60
50
50
60
65
65
60
25
32
25
10
23
15
30
60
50
25
30
30
20
30
55
50
55
55
60
50
30
65
50
50
15
25
84
57
99
70
25
55
15
70
60
32
20
65
50
50
55
56
60
50
70
15
25
20
20
80
24
50
72
80
50
53
50
50
50
60
60
50
30
30
60
16
20
32
55
62
50
50
96
25
65
25
30
30
60
55
10
6
50
55
60
30
50
50
55
15
60
10
25
30
80
50
25
65
50
52
20
24
50
15
25
60
20
50
20
32
60
10
50
25
99
55
30
60
30
55
90
30
12
50
50
25
25
50
50
60
20
55
30
30
20
50
50
15
50
12
5
65
20
20
30
65
20
30
90
50
15
30
20
20
60
30
30
60
66
20
25
50
16
30
50
30
22
70
70
12
65
15
55
50
99
10
50
50
50
32
50
70
50
50
50
10
60
55
20
20
50
25
20
20
50
60
30
60
50
20
20
90
24
60
30
60
55
12
50
18
30
20
60
50
20
50
50
28
56
50
60
16
50
50
60
60
55
25
32
50
20
90
20
50
30
50
24
60
20
22
18
50
60
60
50
60
65
70
55
25
60
30
20
20
65
20
30
50
50
52
50
33
55
30
60
30
30
60
50
70
50
50
10
20
60
30
20
24
65
60
50
50
50
65
20
50
20
50
50
60
30
60
60
65
50
60
60
50
20
65
55
50
50
56
30
60
20
70
15
50
65
3
25
15
50
60
78
50
50
8
12
26
60
30
25
50
58
50
32
50
50
50
1
50
50
60
70
30
50
6
50
60
20
52
60
55
50
60
20
25
7
21
60
50
24
70
10
55
20
60
20
15
30
19
20
60
16
20
30
80
60
50
60
50
25
60
60
50
17
10
24
20
22
32
50
60
65
52
50
50
60
50
50
50
15
25
50
28
99
20
55
10
30
50
50
55
50
30
20
8
50
25
30
60
15
55
65
30
55
50
50
55
60
24
50
50
60
30
50
20
30
95
25
20
20
15
25
50
64
50
16
60
32
50
50
50
25
56
60
15
15
50
50
65
65
25
55
20
50
50
50
30
65
20
77
30
60
67
25
56
20
20
60
25
20
72
50
50
30
20
30
60
50
50
25
85
25
20
24
55
20
50
49
10
60
12
24
18
60
25
30
24
60
68
32
50
30
30
50
60
30
50
20
20
30
50
16
52
20
25
50
20
60
60
60
10
50
15
30
18
86
54
10
50
50
56
50
55
12
70
30
30
60
72
20
65
50
23
60
55
18
18
50
20
20
50
52
16
16
25
16
50
25
50
62
55
50
60
20
75
55
55
50
60
32
50
20
50
20
60
50
20
72
17
55
20
50
20
30
20
6
60
56
20
50
50
50
50
50
60
60
60
70
25
20
30
55
70
50
12
15
16
15
80
20
20
16
55
50
80
50
25
50
60
55
15
30
30
20
20
32
80
30
30
30
50
50
50
6
50
24
50
60
30
15
65
60
50
30
70
55
60
70
28
63
10
50
50
80
10
55
55
20
50
60
9
60
20
20
30
85
60
84
50
10
60
50
50
30
65
25
51
50
99
60
50
80
60
55
60
30
20
30
70
60
55
15
25
32
30
60
24
20
25
30
50
25
32
49
12
66
12
50
50
60
50
50
53
32
60
20
15
25
23
25
8
32
60
65
15
30
50
25
24
30
55
72
30
25
24
20
60
12
50
50
50
50
50
15
30
13
50
51
50
10
50
10
30
50
12
60
20
70
24
30
60
30
80
25
60
50
50
25
32
70
55
25
54
25
50
60
50
25
51
25
14
72
80
50
4
55
50
32
50
50
55
50
20
24
20
50
99
90
50
60
20
54
50
16
70
60
55
50
30
72
10
32
20
30
25
25
25
50
50
6
24
30
50
15
50
72
20
20
99
50
55
28
72
60
60
99
25
30
60
25
50
50
24
50
30
30
20
30
32
55
70
10
55
70
50
30
25
50
16
8
70
70
70
60
70
50
50
50
50
61
20
30
52
60
30
50
55
60
54
15
50
52
50
50
50
55
84
31
12
30
20
60
50
24
99
49
16
50
30
25
30
50
23
60
30
20
33
15
50
50
30
30
15
25
24
50
10
30
30
50
25
30
50
50
55
20
28
8
55
15
15
25
50
60
50
50
30
60
50
70
16
50
80
50
50
32
50
60
30
80
60
55
20
80
24
30
10
50
30
55
50
20
19
18
32
52
22
50
60
55
60
60
15
12
50
60
25
30
25
50
30
20
60
50
20
5
99
50
60
50
60
55
60
55
50
55
50
12
50
20
32
30
50
20
60
16
3
50
60
20
60
70
15
50
70
32
55
20
20
50
50
50
50
30
20
60
20
84
55
60
55
12
60
30
50
55
50
50
50
50
84
50
50
50
20
25
30
60
32
33
30
24
50
65
50
50
6
30
55
15
16
6
60
4
20
75
12
52
32
50
32
50
33
70
70
60
70
52
25
50
30
20
60
20
50
12
32
60
99
60
22
8
60
50
16
50
50
65
20
50
50
20
10
99
16
10
60
50
25
30
55
20
20
4
20
15
55
60
50
60
30
30
10
50
20
50
20
50
50
12
50
50
50
55
60
50
50
50
60
50
20
58
8
90
20
20
30
60
56
16
8
90
60
30
55
50
55
60
20
25
8
50
25
20
60
70
50
54
50
50
60
60
62
50
55
99
30
50
5
32
14
60
50
50
80
32
50
50
20
26
50
20
8
20
31
60
50
30
50
15
55
30
12
17
60
50
10
16
50
50
50
50
16
32
20
20
20
70
30
60
20
60
57
30
12
25
25
55
65
50
30
60
60
65
50
20
55
55
60
20
56
52
30
50
50
30
50
10
50
55
30
50
30
30
55
25
30
32
60
50
18
50
10
24
60
65
50
50
33
60
15
72
20
72
50
60
60
30
32
50
60
50
65
50
20
25
80
98
50
20
50
60
50
32
30
12
54
70
50
20
50
50
99
30
50
25
20
20
25
19
50
24
30
8
12
7
15
60
12
25
16
20
5
30
50
50
60
70
22
50
60
23
50
70
30
50
50
60
50
50
50
7
50
60
60
60
60
20
50
12
55
50
20
60
15
30
25
30
60
50
50
50
50
55
60
20
30
25
12
60
60
50
65
20
10
25
27
16
50
20
50
13
50
8
18
32
25
19
20
75
55
4
25
25
50
30
15
20
70
70
50
20
50
20
49
60
50
30
55
70
32
55
20
50
70
30
20
50
10
24
29
20
50
50
60
50
30
20
50
96
60
54
50
50
32
50
49
55
80
50
50
30
12
25
50
20
30
56
20
70
65
75
50
50
60
50
50
16
50
20
50
30
60
12
10
25
50
20
50
50
70
55
20
50
20
20
65
12
25
70
84
15
55
50
20
30
30
50
4
20
60
15
60
99
30
30
50
30
15
30
50
30
20
60
15
17
30
25
99
26
68
55
50
56
16
50
50
20
84
20
20
25
70
60
52
60
32
50
50
70
18
25
52
20
50
25
50
50
25
55
50
50
20
50
60
50
12
55
32
50
75
65
32
15
50
30
55
30
6
20
50
55
50
50
30
14
64
30
50
30
50
20
65
25
50
60
30
60
20
50
24
50
52
15
50
50
55
80
20
32
20
50
50
60
55
50
10
23
62
20
50
30
12
58
60
50
30
50
99
52
60
60
70
55
5
70
50
20
55
55
75
60
60
15
50
50
50
16
50
30
30
50
60
50
50
50
50
55
50
60
24
50
30
55
60
25
55
30
50
30
50
24
10
50
60
50
24
50
50
20
32
50
20
50
50
30
70
60
60
70
20
24
52
15
70
50
50
60
65
60
20
20
50
60
20
60
56
30
50
25
55
55
20
50
8
16
90
10
73
25
25
16
55
50
50
20
55
10
55
55
10
50
50
80
50
55
55
20
30
15
59
6
55
15
50
50
60
50
50
65
65
80
95
30
50
50
60
66
55
25
30
55
50
15
24
15
30
8
50
50
70
16
50
50
70
8
22
24
55
20
60
10
32
50
25
60
50
80
66
56
55
50
60
50
30
65
84
60
6
16
16
32
52
20
50
60
50
30
30
60
30
50
55
20
50
22
30
70
60
25
22
60
60
60
50
5
50
55
25
24
30
12
30
60
50
62
50
15
50
50
15
16
50
25
70
20
52
20
8
30
10
15
16
32
55
70
32
30
50
60
30
20
60
50
50
50
5
50
22
50
25
14
25
55
50
65
60
25
60
50
25
50
60
50
5
55
60
30
25
53
15
50
20
55
20
20
60
25
55
20
30
50
80
30
50
50
60
30
70
50
50
20
50
56
50
16
30
55
30
15
50
16
30
50
55
25
30
55
32
50
15
60
60
50
55
60
20
28
20
50
4
60
60
50
80
33
50
50
50
72
60
50
4
50
25
50
52
50
54
24
60
50
50
66
56
50
2
50
30
55
70
50
56
25
55
54
15
55
20
60
25
50
16
50
8
20
55
70
60
50
50
30
15
50
12
30
50
8
32
30
50
6
16
60
60
99
70
20
50
16
30
50
50
20
68
65
50
24
25
5
72
65
50
20
30
20
60
20
50
50
50
50
50
50
11
55
30
60
91
55
55
50
25
80
50
55
30
25
32
25
25
50
18
60
30
25
60
65
60
50
50
50
15
55
50
30
60
55
20
20
15
30
50
32
30
55
5
60
60
50
25
66
50
15
55
15
60
60
70
55
50
50
65
32
20
20
50
60
10
50
50
72
49
60
84
70
20
20
50
55
50
55
25
25
50
4
55
60
20
70
55
20
80
50
32
25
55
15
55
50
10
3
32
15
55
50
50
12
15
60
30
50
50
24
65
65
55
25
50
60
50
50
50
16
20
60
20
30
24
60
50
20
55
15
30
50
60
24
50
70
32
60
50
52
30
50
50
20
30
50
12
50
50
24
50
50
6
50
60
15
20
50
60
80
20
30
78
20
50
10
5
50
68
75
50
32
60
16
15
16
60
56
20
72
25
55
50
60
55
30
60
99
30
50
10
70
50
20
60
30
60
50
96
50
30
60
65
55
15
20
50
50
60
10
50
50
30
32
20
20
50
52
55
55
20
50
20
16
60
50
50
2
30
30
50
50
20
50
17
75
50
30
30
50
25
65
60
16
30
60
15
30
10
10
24
50
20
30
50
14
30
50
20
54
50
70
15
23
60
12
60
50
32
30
50
25
77
72
55
10
30
50
52
99
55
20
56
50
2
15
12
50
84
60
30
50
20
50
22
49
15
60
50
99
32
50
20
6
60
56
25
20
57
24
50
10
54
50
18
30
50
30
50
20
18
50
60
50
60
56
60
60
15
50
20
55
57
60
50
60
20
60
20
25
20
55
50
20
50
30
30
5
50
50
50
30
60
5
25
25
25
50
50
2
50
90
5
20
8
60
60
55
20
12
15
25
25
24
17
50
55
15
60
50
8
50
50
52
15
52
50
11
60
30
50
10
30
50
55
25
20
25
50
20
50
22
60
20
20
70
60
30
30
20
26
50
78
50
50
50
53
18
55
18
52
50
50
70
30
4
50
55
25
20
32
20
55
32
60
70
25
20
30
25
60
55
60
30
60
57
20
15
15
60
50
50
30
30
25
60
30
10
60
50
30
60
32
12
15
30
32
10
25
50
84
25
65
20
30
30
80
60
50
20
50
60
30
50
15
30
30
50
85
60
30
20
60
60
50
50
50
20
55
65
52
30
10
10
50
60
55
50
99
25
50
50
15
10
50
30
30
60
60
55
30
65
50
60
60
55
70
28
50
16
18
52
50
30
68
30
30
15
50
12
20
70
65
30
3
65
20
50
24
20
25
28
99
30
25
99
25
50
30
55
20
8
52
5
55
25
20
60
10
25
70
50
90
50
60
50
24
20
55
25
25
53
30
80
20
30
50
50
60
24
30
20
20
50
30
30
50
72
50
9
20
12
50
15
25
7
70
30
20
50
60
65
18
17
52
30
60
20
50
60
30
52
65
50
20
52
60
50
70
60
55
53
27
58
50
60
50
60
99
60
60
50
8
50
60
32
30
62
50
50
50
60
50
30
60
55
12
60
50
60
80
25
20
50
60
50
60
25
60
15
50
20
55
50
20
60
25
8
30
60
25
50
24
60
33
90
55
60
5
55
20
30
15
5
20
50
10
55
50
50
70
70
60
30
60
50
75
8
28
20
50
90
70
50
50
60
50
25
25
50
50
50
60
10
20
65
25
20
60
20
50
50
55
60
50
33
25
50
60
52
50
15
50
50
60
50
65
50
20
50
66
20
50
25
32
16
60
50
50
8
60
20
50
50
20
60
50
30
30
50
60
25
50
50
60
70
50
27
50
20
16
20
58
50
52
15
32
50
15
50
25
3
30
55
20
30
55
50
50
55
50
30
17
60
25
20
55
30
20
55
16
50
50
55
20
50
30
50
20
25
50
50
32
60
50
20
10
25
50
30
80
64
54
50
50
32
52
55
4
50
30
80
50
55
20
50
20
50
50
50
9
50
55
55
20
50
50
80
26
20
60
60
60
53
30
22
50
25
20
60
60
30
58
90
50
60
50
70
24
25
32
4
60
65
60
55
20
65
99
20
25
30
55
52
20
99
12
70
50
65
20
4
24
55
50
75
32
33
10
50
30
55
60
30
55
30
50
55
55
17
50
15
18
80
30
20
50
50
25
25
15
55
25
50
25
30
60
50
23
30
24
70
70
50
60
50
3
52
30
55
55
60
50
55
65
68
3
60
10
60
30
98
16
50
30
25
15
65
25
60
24
60
55
50
30
24
50
20
50
55
25
60
56
30
30
18
20
15
60
50
50
30
55
60
32
60
15
24
12
50
50
70
30
50
52
65
60
20
50
52
30
20
52
14
70
50
12
15
80
62
25
50
55
60
20
5
28
25
55
50
30
20
50
5
60
60
60
30
60
30
50
50
30
30
50
16
60
20
25
60
80
24
15
55
60
10
56
60
30
30
50
60
50
10
50
32
20
70
50
15
24
65
5
25
25
50
10
20
80
8
20
60
12
30
60
60
30
55
50
50
50
12
55
65
20
60
50
20
20
60
20
30
60
20
65
10
50
50
20
50
50
55
25
30
60
31
16
30
50
32
72
20
30
60
50
25
70
10
50
60
20
56
50
30
50
60
4
8
5
72
72
50
25
55
12
20
55
20
15
55
75
76
50
60
60
70
50
20
32
81
50
30
89
25
50
50
56
55
50
32
30
32
56
72
50
50
49
20
60
20
50
20
50
20
32
50
30
50
32
32
50
25
65
99
50
55
52
84
25
60
50
65
28
60
50
50
55
22
24
64
55
15
55
99
60
50
55
32
30
20
60
50
11
20
