--------
Coluna 0
8.6
8.5
8.6
8.6
9.8
8.5
5.2
5.2
8.4
9.8
10.2
8.5
5.3
5.3
5.2
9.1
5
10
5.1
5.1
5.1
5
8.6
5.2
9.2
9.2
8.4
5.3
9
8.4
8.6
8.8
5
9.1
8.4
8.4
8.7
8.7
9.2
8.7
4.8
4.8
10.3
8.8
5
8.4
8.6
8.5
5.1
5.1
8.6
8.6
5.1
8.6
8.6
8.8
9.4
8.6
5.3
8.8
5.2
8.4
5.3
5.2
9.2
9.8
9.6
8.7
9.2
9
8.5
9.3
9.2
9.1
8.9
5.3
9.8
5
5
8.9
9.2
5
9.7
9.4
10.3
8.4
5.3
9.6
8.4
8.4
8.4
9
9.7
9.2
9.4
5.2
9.6
9.2
5.1
5.2
8.4
9
8.4
8.4
9.2
10.7
10.7
9
8.6
9.2
5.3
9.8
8.5
8.5
9.2
8.8
8.4
14.2
8.5
8.9
8.9
8.5
8.8
9.1
9.1
8.5
8.5
9.8
9
8.4
9.3
8.6
8.9
9
9
8.9
8.8
9
8.5
9.3
9.2
8.7
8.4
9.6
8.4
8.5
8.7
8.5
9.4
9.4
8.8
8.8
8.7
10
8.9
8.9
10
8.8
8.8
9.2
9.2
8.8
9.2
9.9
8.5
8.5
9.5
8.4
8.4
8.4
8.4
8.4
9
9
8.9
9.5
8.8
8.7
8.7
11.8
8.6
8.6
9.4
8.7
5.3
8.4
8.5
9.1
9.8
8.5
9.9
8.5
8.4
9.2
8.9
8.5
8.5
8.4
9.2
8.5
9.4
8.5
8.6
9.4
9.4
4.6
8.9
9.4
8.4
9.2
9.2
8.8
9.8
5.2
8.8
8.6
8.6
8.6
8.5
9
9
9
8.9
5.1
8.9
4.5
8.7
8.7
9.2
9.6
5.2
5.3
8.6
5.3
5.1
5.3
4.2
8.5
8.4
5.2
8.6
5.2
5.2
5.3
5.2
4.9
5.1
5.1
8.4
8.4
8.5
5
5
5
8.4
8.4
8.5
8.5
8.5
9.7
9.7
5.1
5
5.2
8.5
8.7
5.2
5.2
9
5.3
4.2
9.4
5.1
5.1
5.3
8.8
8.8
8.8
8.9
8.9
5.3
5.3
8.9
4.8
8.7
5
5.3
4.7
8.5
4.8
5
5.1
5.1
5.1
5.1
4.8
8.4
8.5
4.8
5
4.7
8.6
8.6
8.6
8.7
4.9
4.9
8.4
5.3
5
5.3
5.3
5.2
5.3
3.8
5.2
8.4
5.2
5
5
4.4
4.7
5.2
5.1
9
9
8.6
4.8
5
5
5.2
5
4.9
4.9
4.7
4.8
5.2
5.3
5.3
5.2
5
5.1
5.3
5.2
5.2
5
4.4
3.9
4.7
5.1
5.1
5.3
5.2
4.8
5.1
4.4
5.2
5.3
5
5
4.9
4.9
--------
Coluna 3
20.7
20.7
19.25
18.9
22
22
19.45
19.45
19.8
18.95
18.95
20.8
19.3
19.45
19.8
19.4
23.5
31.6
31.6
19.5
19.6
19.1
19.35
19.95
19.95
18.95
20.4
65.8
20.2
20.2
19.8
19.8
20.15
19.95
19.5
19.9
26.05
26.05
20.8
20.3
19.3
19.3
19.3
22.6
19.25
19.25
19.4
--------
Coluna 5
81
69
72
75
76
75
82
131
75
82.5
87
87
73.5
73.5
83
79
70
70
76
76
77
77
70
122.5
78
78
83
81
69
80
75
73
70
70
71
69
71
73.5
73.5
88
69
73
82
118.5
81
96
83
83
78
73
73
146.5
76
72
72
77
128
110
70
72
70
70
70
85
74
72
76
71
86
86
96
96
69
74
75
85
81
69
71
74
74
69
138.5
78
77
77
95
87
87
105
105
75
101
101
108
2
79.5
79.5
79.5
79.5
108
98
98
112
108
74
98
72
70
81
73
73
70.5
81
81
69
70
71
75
79
289
69
69
69
69
97
--------
Coluna 6
245
47
244
238.5
243
240
255
241
227
226
230
236
272
249.5
231
234
245
252
245
227
41
29
37
228
228
225
19
253
253
46
246
229
236
242
242
229
30
30
230
233
230
244
29
245
232
234
234
227
227
26
225
238
233
245
236
228
234
251
251
251
226
48
243
228
238
231
231
240
247
248
256
256
238
238
227
237
229
229
229
229
229
229
228
227
252
229
253
37
37
240
28
28
24
45
45
28
240
228
241
234
234
28
21
34
294
247
243
41
41
50
34
31
226
40
248
248
49
49
227
47
50
259
230
47
251
50
240
49
--------
Coluna 10
13.9
14
13.5
13.5
13.7
13.4
13.4
13.7
13.5
13.5
13.5
13.5
13.4
13.5
13.4
13.7
13.7
14
13.4
13.5
13.9
13.4
13.4
13.4
13.4
13.5
13.6
13.7
13.4
13.6
13.5
13.4
13.4
13.4
13.7
13.6
13.6
14.2
13.4
13.9
13.4
13.4
14.05
13.4
13.8
13.4
13.4
13.6
13.6
13.55
13.7
13.6
--------
Coluna 11
8
8
8
4
8
8
4
4
4
4
4
8
4
4
4
4
3
8
4
4
8
8
4
8
4
8
8
8
3
4
8
8
8
4
4
4
4
8
4
4
4
8
8
4
8
8
9
9
4
8
8
8
8
8
8
8
8
8
9
8
8
4
8
4
4
8
4
4
4
8
4
4
4
8
8
4
4
4
8
8
8
8
3
8
8
4
4
8
8
8
8
8
8
8
4
8
8
4
8
8
4
8
4
4
3
8
8
8
4
4
4
4
9
8
8
4
4
4
8
4
4
8
8
8
8
4
8
4
4
8
8
8
8
8
4
8
4
4
4
4
4
4
4
4
4
8
4
8
4
8
4
4
3
4
4
8
8
4
4
4
8
8
4
4
4
4
4
4
4
8
8
4
4
4
4
8
8
8
8
8
8
8
8
8
8
4
8
4
8
8
8
8
8
8
4
8
8
8
4
8
8
3
4
8
8
8
8
4
8
8
4
8
8
8
8
8
8
3
4
8
8
8
8
8
8
8
8
4
4
8
8
8
4
8
8
8
8
8
4
4
3
4
4
8
4
4
4
4
4
8
4
8
8
8
4
4
4
4
8
8
8
8
8
8
8
8
8
4
4
4
4
8
4
4
8
4
4
