--------
Coluna 0
79
76
70
71
90
75
77
76
80
72
74
72
69
71
70
73
72
71
81
78
76
90
69
88
75
69
73
71
76
70
69
69
75
72
71
73
71
73
70
90
77
75
72
75
74
90
74
70
69
69
74
75
76
70
77
74
70
78
72
80
69
71
90
81
75
75
72
71
69
72
74
71
82
74
73
74
76
79
69
81
74
72
73
71
76
75
70
70
74
80
69
72
75
83
77
72
90
90
76
75
72
73
77
79
69
70
76
69
81
75
76
90
73
76
76
90
80
77
74
90
90
71
74
69
78
72
76
69
71
76
78
73
73
71
79
78
70
79
71
84
90
70
70
77
70
75
74
80
70
75
77
90
72
75
81
71
73
73
69
69
73
69
70
83
74
71
69
70
69
84
69
70
81
73
79
73
76
73
69
69
72
85
69
82
78
72
75
79
70
77
69
70
80
70
90
69
69
73
76
90
90
77
74
73
71
77
70
75
72
72
69
69
84
70
69
73
69
70
69
78
78
76
69
73
73
70
74
71
80
77
90
74
69
70
73
74
90
78
77
70
69
71
71
77
70
76
76
71
74
72
72
69
79
73
73
70
74
84
78
70
73
75
73
69
73
69
76
73
74
90
69
79
71
71
69
73
90
76
69
78
71
76
90
70
72
69
76
75
73
72
69
70
71
90
82
74
70
77
69
81
69
69
90
76
84
79
71
77
71
71
78
77
69
81
71
75
75
74
71
78
70
82
72
73
72
70
72
73
69
70
81
77
76
76
71
74
80
69
90
71
69
72
69
75
73
75
74
80
71
72
84
82
73
72
72
70
78
72
79
70
76
74
73
74
73
70
90
71
74
75
72
84
73
90
72
74
69
69
74
71
69
70
83
72
75
69
75
79
70
73
78
81
69
73
71
69
80
71
75
77
72
78
73
75
76
70
69
70
69
70
78
71
76
79
69
69
71
71
80
71
72
72
79
71
72
74
80
90
72
72
74
70
69
90
70
74
70
71
80
73
70
70
73
73
73
90
69
90
73
81
76
71
73
69
83
82
90
69
73
69
70
72
90
76
81
80
71
69
80
70
90
79
77
77
70
72
72
71
70
80
69
70
69
76
70
82
70
71
85
80
79
73
72
90
71
77
71
76
81
76
79
77
80
70
76
69
76
74
71
69
79
77
74
74
75
81
78
71
69
69
72
77
82
88
71
70
70
72
76
69
90
69
69
71
82
76
71
88
84
69
74
71
70
75
72
72
71
71
70
76
77
70
83
69
71
76
72
69
70
71
72
70
70
72
69
72
75
71
69
77
79
73
71
77
70
86
90
70
77
69
75
90
70
82
72
83
76
73
69
70
81
72
74
73
72
69
69
69
70
74
75
79
74
78
69
69
90
76
80
69
73
69
70
73
73
75
70
70
74
69
69
81
71
79
74
74
76
70
74
73
70
84
69
78
72
73
76
71
72
69
76
70
70
76
78
75
73
71
72
84
71
79
78
70
72
70
69
73
75
69
90
69
71
73
75
71
70
80
70
74
72
69
81
75
73
78
75
69
73
69
75
74
70
81
81
69
73
71
69
70
71
69
74
69
72
74
69
75
72
70
72
70
75
69
75
69
90
72
75
74
70
70
87
73
69
73
72
74
90
72
71
80
80
82
70
70
72
90
75
74
90
85
82
71
81
71
72
--------
Coluna 2
386940
544091
507875
446839
410867
432376
377869
428030
483777
633742
523910
397317
635913
538583
390781
378322
477983
425161
371987
860348
399087
423158
372020
410439
481060
396099
416103
445382
1033222
426017
405855
401531
371373
403107
388093
543162
433665
410114
462440
402089
556660
430828
475028
382635
378418
420537
386773
680390
499233
387569
411797
376540
406468
372525
543028
373662
375871
465507
398473
526968
767403
389713
377701
412296
520586
445824
404616
411862
416745
444304
413297
441454
397466
387430
409505
386136
370119
421132
795830
419721
509350
467108
444554
403788
449257
398212
441620
563883
402812
395831
431745
436006
910398
451940
379350
370119
375833
428350
405723
421871
443040
420895
375077
415287
376277
377680
496743
429507
418324
538319
386261
399088
508336
445382
483201
452205
672412
473547
421065
379412
379522
370890
505119
460046
376474
549430
371886
410351
410034
441591
393673
438696
488720
373050
408623
482082
386585
460835
519627
675421
481987
758700
509364
387776
432565
415520
490332
374918
466224
446219
407068
423460
509364
409815
377622
656036
443508
566117
436253
387568
379066
454508
427686
548510
401832
400225
545483
385632
503012
407930
573583
511361
454941
452405
716416
480861
398827
376455
498785
374924
637222
430084
423770
406662
417657
403433
386036
446358
383637
457402
664821
391016
409189
374163
462890
374588
598606
457237
465326
400004
503923
572751
580248
519006
382802
386672
617021
373550
378251
378384
407684
437994
406662
596776
588905
517995
640383
504725
423863
420917
395170
470663
375680
611029
393728
437851
495888
549341
408328
400443
371299
421837
746786
413363
386397
550848
376240
400966
404573
381153
404599
510072
387215
407672
449432
430471
416129
511331
379682
446559
370990
452640
395567
456399
469705
385591
656036
488720
434710
449354
401335
397831
425627
399449
406078
417136
460835
416338
370615
377757
397346
424079
423561
403671
370494
379798
688355
373403
381851
398843
401104
376680
587310
386378
379118
421449
424988
379118
398067
376973
398931
443508
374764
402397
632613
414994
499249
445758
416164
371987
473133
450580
372967
506329
445168
392502
376936
516337
373952
391591
432376
571853
1184622
913447
476573
375482
632593
595000
703067
389254
376072
484475
476391
749105
381645
380357
381153
459465
373263
543922
413297
420282
498325
447579
415354
414991
391329
394820
420749
482732
414871
437281
427965
377798
385452
505980
549349
410913
496025
382764
396758
375114
373469
562558
391192
435022
394727
443546
415847
401623
523095
383518
436770
383493
401051
436493
704108
391121
557082
477106
377401
370733
471452
387430
403552
426001
464536
451996
505980
454614
406603
506858
434102
387641
393945
454989
391349
375868
413373
537222
595000
454508
378723
577521
424012
376483
402778
431426
604506
371827
564135
386040
410240
407618
427781
394503
469907
400630
503675
444089
435835
512103
716066
487486
484298
381583
479765
444743
405177
483596
376028
398904
525878
423250
538443
383493
378747
493034
393712
394612
434292
496382
376483
432154
528616
515025
394474
400535
396790
433491
421223
428350
375675
446358
455995
659273
403865
435604
425092
452924
392160
374262
382146
371064
444822
423024
445940
377725
370990
468706
428584
379046
972354
384795
459189
403550
498216
410034
608184
389755
388811
382272
444219
433788
586657
1226583
664670
447346
504725
427055
561334
499001
369825
791084
393264
917220
430084
508548
381931
511289
416577
377757
407669
431745
427862
637080
385959
431861
671292
442612
374833
394447
494638
408229
431307
459007
372181
390369
376929
517000
421446
390817
548361
648223
406641
522881
395567
433669
461678
416059
374524
473836
400285
745768
401723
394927
370767
523067
370548
508891
406920
486332
418176
417419
370156
398220
464945
454508
402361
405793
409230
488706
647882
394927
382368
569761
585203
375827
539563
1038553
567788
732569
381153
416165
721161
509629
374969
395512
474136
386331
374253
450924
477697
411395
423711
399020
409172
419658
553473
496414
401333
400356
421967
453067
466458
391114
394927
397280
421561
483530
410351
397963
560804
447079
528616
379062
388496
485496
394860
425528
386949
502316
388112
467799
372559
469921
376647
444134
443179
497300
426431
607848
370045
501172
373499
441700
377486
483822
420973
370795
514033
470663
384236
396116
373344
392812
472604
487411
381965
558183
416829
430005
410034
426263
383384
439608
409201
372525
456236
420779
379242
541282
518030
459248
384508
403489
548580
403467
379940
381153
398652
411950
375422
405577
526528
411007
391867
447739
373432
382499
398626
586657
405684
383402
433375
581071
437727
575442
407068
554986
592930
386877
632834
423052
504951
484861
449576
459463
505438
479482
467108
467108
410216
411950
390657
849857
558944
420054
691903
419691
684015
423605
405386
413557
390997
461678
466498
530099
402539
554317
420054
391121
409604
408229
372484
450920
427952
695136
383269
408473
698418
464103
526968
450695
548303
399155
529216
400416
380674
526164
506436
381153
385540
439919
398918
734193
737315
544686
468713
548361
556652
391016
691830
407338
520775
442429
370502
388811
433669
607799
388741
375603
660870
440456
383365
471990
385412
483822
394447
423222
374524
500509
487742
372317
403489
406978
498785
423064
391585
532379
426895
388023
493862
424855
469602
386643
432555
391926
424468
428271
410919
375680
464502
446140
369825
396633
480717
376416
412316
529104
456110
403625
451744
396745
680390
438711
376506
389765
483450
419053
390348
400416
857532
454063
397346
383322
373403
1484705
370160
404085
409200
380922
424034
374116
380543
383745
421837
388849
402089
425447
412952
456956
374313
375078
391874
434467
404573
393357
755858
523484
436861
398625
376133
654141
413557
398931
469864
424034
395026
409200
400943
413345
411797
458549
375313
930948
374116
664366
400616
420629
456236
406955
515629
606111
463667
431637
377061
413345
372636
392286
509364
375515
634226
458558
483261
377850
401762
420749
395022
446358
428405
451996
371089
370585
423297
568490
447882
382859
450246
410114
456236
448626
399052
1268339
379883
415037
467579
369843
382802
455995
698363
401998
617860
615893
408788
414812
370119
427382
565313
391122
591711
392286
520231
409230
376025
371382
403671
389857
461337
374764
419554
410351
460408
454915
448337
536725
379198
472070
376455
408427
393768
408717
401690
394860
407495
376072
430175
446771
485117
500002
462294
443508
401451
391744
418020
383603
408717
410034
370585
384651
391736
409902
435638
395078
420277
511517
389932
386705
392694
376393
438139
462255
1366120
495061
406641
384236
383239
420351
431245
386370
415706
383384
381741
434894
379959
441210
419394
376979
593246
402975
378104
449432
399522
473133
440138
392812
462838
423222
374116
374367
529223
456618
377140
379919
372692
651396
398019
451951
431861
517036
436361
497788
529216
390817
371064
441637
526734
543042
377095
428299
427744
501144
417668
631947
394484
489085
436798
443855
438427
384276
387844
437890
540712
390867
549174
460437
806552
376474
387068
604537
403187
387777
393248
392812
400535
409622
374163
386378
398988
372682
381789
376789
387770
377322
378221
380633
375313
487085
436341
484024
1455435
445382
659504
416745
439263
556688
750972
424884
607848
454915
393715
410351
399386
419895
370119
548256
493363
463194
450695
376936
401930
405644
378747
376302
372483
390157
410439
405284
389857
552354
469056
389270
378322
375655
414683
435503
561489
455361
383603
409842
375655
578377
509500
408813
889965
462180
506329
428499
412156
399022
379393
507086
419732
659558
379798
440129
609935
521400
390781
391257
608184
425804
373469
415913
377121
400635
513660
381618
424478
410615
422960
406051
445728
411273
467108
410489
383745
389713
399022
615367
557236
393965
427474
404453
378707
377836
493443
443546
430554
398986
407495
389713
434097
388885
520078
392325
380281
396482
374983
385901
460408
386136
454934
377283
387074
404547
382153
377018
396878
375134
375134
380127
474617
485117
456618
404416
409189
423222
442035
403911
533147
497253
617898
449354
409189
387468
384248
410186
419722
440607
378460
379525
374905
390879
442045
450544
953588
425622
405644
389479
609789
598995
380614
421633
378239
609789
404661
380614
424719
414525
378460
482732
408773
397877
469697
452283
412296
663394
405526
383306
417668
530454
494784
436107
543477
396722
452452
378546
405309
481096
375170
420054
396467
404601
495982
556902
414721
421412
432052
397280
410439
377622
418405
732102
548256
414545
476334
709445
463072
469454
423616
404998
391349
456604
392167
399904
390472
609789
570821
438176
409922
409230
416356
421561
381153
411560
636017
703107
388252
544792
434463
409189
395368
434114
423222
418961
595088
438996
607848
403519
433705
385092
372130
397467
462832
476334
527162
401118
382738
377754
470875
403391
416415
456572
375980
406463
422836
566049
379418
387270
388812
373367
388725
380687
410439
602513
382242
404951
509060
403112
448026
375606
404616
491000
399088
372525
488541
403911
520033
412379
410450
554206
390856
398918
429346
455379
376416
443742
520759
387779
380614
421837
404062
415578
694812
380560
411068
578701
412156
390316
422013
371556
408229
462869
413648
381583
382368
456618
549413
598802
415500
511289
370242
464103
462294
391040
392487
383058
427422
440417
380544
439919
391171
380219
424494
806316
375452
459548
541343
438839
439592
407672
378916
1033222
424468
379768
403037
599629
571017
416577
390368
425199
738812
447066
477209
431513
618191
376683
544268
557853
385847
381789
388625
383306
408498
387250
398988
535978
668319
423024
491421
682947
410351
469572
574271
394176
456460
478829
385077
816750
597843
389942
442274
595461
403072
413227
553405
506329
413297
370509
404421
398001
374137
704108
373895
389856
403468
481987
460408
400004
515712
396270
551962
572751
745817
373698
422933
473171
398662
481175
385077
410543
433170
476558
420986
409189
447488
446512
497486
389725
374580
387108
433330
382368
496856
394534
1161363
435836
399246
388672
406811
406641
424591
374883
425049
385646
441542
388725
419691
433330
444607
375574
459342
378045
452808
403276
374108
412248
427474
388156
447555
405374
422718
673764
378114
424494
377374
418405
446654
387839
434467
479621
373718
472789
373213
454843
456062
588484
809585
393354
493689
445382
380162
379412
482927
503454
574271
407759
462820
413760
478994
404868
434268
394669
501671
594187
383384
439779
392100
509462
405765
435469
379779
548664
394927
389143
422813
381965
409230
375049
498079
387116
381153
378546
431515
388594
376230
447488
390608
466502
370552
558490
403782
456661
509048
377018
407913
419146
468713
385540
372020
412149
653574
706026
373935
373914
393480
400132
511068
386773
386337
427965
452640
475324
470203
513416
412316
421561
417941
535978
408537
422249
411587
442274
389147
721712
386864
369909
615367
370183
472580
549174
389843
437825
373553
1097453
423222
461715
384508
471452
389850
426836
442131
477867
414994
461929
478380
479611
419146
472807
406826
515797
475322
396538
510072
570562
491000
419134
423024
379798
473133
1085515
374524
372500
500720
384308
421633
407425
376302
511668
380127
409230
455361
521665
478457
383493
548361
395297
591711
518530
373366
376058
594187
417668
452406
499197
434430
377931
377017
509866
401198
411950
392668
504871
695411
420986
442359
462966
403468
405155
402361
761006
484669
380462
423616
467611
373185
403671
440647
376455
506830
412435
574005
478205
393360
400061
604045
373628
465974
386726
415913
605502
589809
426467
401690
410446
414791
487347
375698
391585
405913
588003
379485
509629
398988
431426
429897
709798
372838
561334
401134
481987
570002
443546
1125613
397962
454915
440706
387871
397307
388998
532845
498328
604380
410240
583755
437909
420691
510072
557349
501172
609789
476599
424094
373606
375499
557644
374454
399387
408531
372728
706180
425785
407138
606752
370502
417668
374716
379412
673764
460214
391679
475324
547886
554206
380544
430035
386019
374450
456236
419740
462832
392668
440129
401508
393376
584790
425804
481987
407043
391114
799281
657397
373432
496526
426431
373050
440969
487330
444554
404023
375482
406811
512771
415051
466325
440969
512828
422275
531055
411652
437666
403671
371316
472166
408383
371305
379778
653574
417605
389725
502837
444304
396895
374905
412379
436798
397317
745768
376383
478346
857532
405083
715938
747719
370881
379885
375313
569930
423217
433989
402998
475322
403860
585361
381357
386397
404998
452402
425497
374790
376150
502752
492263
543922
766115
461337
391468
421561
405284
456922
584259
401886
493034
538822
542265
375657
430283
378009
498349
431245
388247
386877
405309
491862
420895
413373
448337
418702
387335
477505
421467
469454
370727
380560
749636
389254
433906
396595
437727
377017
384150
379919
668362
449101
981628
413297
470368
746432
402462
451059
402367
499935
379883
473625
386175
566537
384246
375313
391192
385278
456367
381645
455553
693066
539864
409922
447346
478315
427686
377798
435842
395736
381789
379959
390657
485710
381895
436163
403788
514716
--------
Coluna 4
4
3
4
4
2
4
3
4
2
1
4
4
3
3
4
2
2
3
2
4
4
3
4
4
3
3
4
3
1
4
4
4
2
3
3
4
3
4
4
4
3
4
4
4
4
3
4
4
4
4
4
2
4
4
4
4
3
3
4
3
4
4
4
4
4
4
4
3
4
3
4
4
2
2
3
3
4
2
4
4
3
3
2
2
4
4
4
4
3
3
4
3
4
4
2
4
3
3
3
1
4
4
4
4
4
1
4
4
3
3
4
4
4
4
4
3
4
2
4
4
4
3
4
4
4
4
2
2
4
4
4
2
4
4
3
4
4
4
2
4
4
3
4
3
3
4
2
4
4
2
4
4
4
3
4
4
4
3
4
4
3
4
3
4
2
3
3
4
4
3
3
4
4
3
2
2
4
4
2
2
4
4
2
2
3
3
3
4
3
4
4
4
4
1
3
4
4
4
3
4
4
1
4
4
4
4
4
4
4
1
3
4
1
4
2
4
2
4
4
4
3
3
4
4
4
4
3
2
2
4
4
3
4
4
2
4
1
4
4
4
4
4
4
4
4
3
1
1
1
4
4
4
4
3
3
4
4
4
3
2
4
4
4
1
4
4
4
4
2
2
4
4
3
3
2
4
3
4
4
4
3
4
3
4
4
3
4
4
4
3
3
4
3
4
2
2
3
2
3
4
4
4
2
4
4
4
3
4
4
2
4
3
1
3
2
4
3
4
3
3
4
4
3
2
4
4
4
3
4
4
4
3
4
3
4
1
4
2
4
3
1
4
3
3
4
4
4
3
3
3
4
1
4
2
4
3
3
4
4
4
3
4
4
2
4
4
3
3
4
3
4
4
4
4
4
4
3
4
3
4
4
4
3
4
4
4
4
2
4
3
3
4
3
1
3
3
2
4
4
3
4
2
4
2
2
3
4
2
3
4
3
3
4
4
3
2
3
3
3
4
4
4
2
3
3
3
3
4
3
4
3
4
4
3
4
3
2
4
3
3
4
3
4
3
4
3
3
3
3
4
4
1
4
3
4
3
4
2
4
3
4
3
3
4
4
4
2
4
4
4
4
4
4
3
2
4
4
4
3
4
4
4
4
4
3
3
4
4
4
3
3
4
4
1
3
4
4
2
4
4
4
4
2
4
3
4
4
4
4
3
2
2
4
4
4
4
3
4
4
4
4
3
4
3
3
4
2
2
3
4
4
3
4
4
3
4
3
4
4
3
4
3
2
1
4
3
4
3
4
3
4
3
4
2
2
4
4
2
4
3
4
3
4
4
3
2
4
4
2
2
3
2
3
4
4
4
4
4
4
3
4
4
3
2
4
4
4
4
4
4
4
2
4
4
4
4
4
3
4
4
4
3
4
3
3
4
4
3
4
3
2
4
4
2
3
4
4
4
4
4
4
4
3
4
1
4
1
4
4
4
2
3
4
4
2
1
3
3
3
4
1
3
4
4
3
2
4
4
3
4
3
4
4
1
4
2
3
3
3
2
4
3
4
4
4
2
1
2
4
3
4
4
4
4
3
1
4
3
3
2
4
3
2
4
3
4
3
4
4
4
4
4
4
4
4
4
4
3
2
4
2
3
3
3
4
4
4
3
3
4
4
4
2
4
4
4
1
4
4
4
4
3
4
4
4
2
4
4
4
4
1
4
4
4
4
2
4
1
4
1
4
4
4
4
3
4
1
4
4
4
4
3
3
3
3
4
3
3
2
3
4
4
4
1
4
4
4
4
3
4
3
4
3
1
4
4
4
3
4
2
4
4
3
4
3
4
4
3
2
4
4
1
4
4
4
4
3
2
3
4
3
3
2
3
4
4
2
4
4
2
4
3
1
4
4
2
4
1
4
4
3
3
3
3
3
3
4
3
4
4
4
4
4
3
4
3
4
3
2
4
4
4
3
4
3
4
3
2
2
4
2
4
4
4
4
2
3
2
3
4
1
4
3
3
3
4
2
4
3
3
4
2
3
4
3
4
3
3
4
3
4
4
3
4
3
4
4
4
4
4
4
3
4
4
4
3
3
4
3
4
3
3
2
2
2
4
4
3
4
3
2
2
3
4
3
2
4
2
4
4
3
4
4
4
3
4
4
4
3
3
4
3
3
4
3
4
2
4
4
2
4
2
2
2
4
3
4
4
3
3
2
2
4
2
4
3
3
2
4
3
2
4
3
3
4
4
4
4
4
1
2
2
4
4
2
4
4
2
4
4
4
3
3
1
4
3
4
1
4
2
3
2
4
4
1
4
4
4
--------
Coluna 12
13
16
50
80
30
50
50
60
20
60
80
52
15
50
30
60
55
60
58
50
32
70
2
22
50
25
50
60
60
50
32
50
50
50
56
60
50
28
60
50
60
20
30
30
24
24
60
50
16
20
25
12
65
50
50
1
28
24
55
50
60
12
50
55
20
10
50
55
50
70
20
50
20
60
30
20
30
60
12
75
24
24
98
15
60
56
16
60
80
25
33
54
15
24
50
15
50
55
60
30
20
8
25
25
30
24
15
15
10
10
30
50
6
16
50
55
50
64
25
50
24
60
50
30
18
60
72
25
50
60
28
5
55
50
60
50
20
60
16
60
24
6
30
20
20
20
60
60
25
20
8
50
20
24
50
80
50
50
58
50
50
50
50
8
50
20
32
55
50
60
12
70
25
30
24
60
80
25
50
28
21
60
50
20
60
32
55
20
24
55
60
64
26
60
60
14
60
60
55
50
50
20
32
60
25
20
10
50
16
50
5
55
30
50
20
20
60
50
30
65
50
25
15
60
20
59
24
15
50
20
25
72
50
20
20
50
18
70
30
50
55
24
56
50
50
60
55
50
30
16
50
33
60
20
30
20
20
30
20
75
60
50
50
60
25
15
50
50
6
20
50
50
18
55
50
50
56
20
50
70
15
28
50
50
60
7
70
50
60
15
28
60
30
50
65
55
50
20
52
15
10
30
60
50
20
25
5
60
55
10
99
25
30
20
30
70
20
60
20
20
70
20
30
50
55
58
50
65
60
16
52
50
25
32
30
50
30
50
55
50
20
1
75
30
8
60
55
20
50
50
55
75
80
80
50
60
20
50
15
20
50
60
52
50
60
20
25
60
50
25
33
25
55
70
50
50
50
60
53
20
60
60
50
30
54
54
28
60
20
8
30
30
65
60
25
60
55
80
50
30
60
62
20
16
72
60
60
30
30
25
59
12
20
60
50
50
50
80
7
50
10
65
57
60
50
25
55
30
50
24
20
20
60
16
50
30
60
50
60
55
50
24
6
30
52
55
50
50
60
70
5
30
50
60
25
50
32
50
50
78
60
20
52
90
50
50
15
60
16
50
60
66
50
50
30
50
60
75
60
5
24
25
25
60
50
65
55
55
50
65
50
58
30
9
55
15
50
12
30
70
30
50
24
30
50
65
8
6
16
30
52
50
50
50
50
50
20
16
50
50
10
60
60
60
50
50
20
52
30
30
70
60
21
70
24
50
60
50
10
55
20
30
50
16
18
60
60
50
20
50
50
12
60
60
80
50
20
50
60
15
50
70
30
50
90
16
72
32
60
55
60
60
70
10
50
50
20
50
50
20
30
50
50
49
60
50
56
50
84
30
55
10
24
30
50
60
8
24
50
54
20
25
65
10
60
99
15
16
55
55
50
50
50
50
50
60
70
18
55
80
25
60
25
50
50
20
30
50
55
20
50
50
50
3
70
50
60
50
30
70
50
20
80
60
50
50
10
16
60
70
10
30
20
50
20
50
30
30
60
17
60
16
4
55
60
10
55
30
5
53
16
15
70
50
60
25
28
50
55
30
50
65
17
55
8
15
50
30
50
68
65
30
70
60
60
50
12
60
50
30
8
22
50
50
55
52
50
18
55
25
60
50
10
10
70
20
27
55
25
24
15
15
20
60
60
60
60
20
50
50
50
50
60
90
65
20
25
25
60
50
30
30
25
3
70
60
30
10
30
50
50
65
55
54
50
65
50
25
30
60
84
52
50
25
24
20
3
25
25
30
20
55
54
60
50
52
50
25
60
60
50
55
25
50
60
60
30
56
25
25
50
65
50
8
50
50
70
60
50
21
15
20
20
30
13
65
50
30
50
65
52
25
60
50
50
50
52
3
24
50
55
27
50
55
25
30
20
60
50
70
60
20
60
30
15
50
50
25
50
50
55
24
50
60
56
50
24
28
58
5
70
55
15
50
20
25
50
30
50
20
50
50
55
50
25
20
30
32
10
55
11
50
20
65
60
50
84
30
55
18
60
70
60
60
30
50
50
50
60
55
60
25
60
20
30
30
50
20
20
50
30
55
60
55
60
50
60
50
60
20
30
58
55
25
30
60
33
50
50
16
27
30
75
50
8
50
30
50
60
98
60
70
5
2
50
25
20
16
10
55
22
30
50
80
50
85
52
20
50
56
30
30
30
25
60
30
32
30
25
30
52
60
50
65
32
60
75
25
60
55
60
52
9
15
30
30
55
50
56
60
50
15
30
50
15
60
30
10
56
25
50
84
70
65
20
50
50
20
56
50
30
55
60
20
50
55
50
30
65
50
50
15
25
49
50
50
50
70
60
60
50
50
60
50
60
50
30
65
50
18
55
55
50
60
50
70
65
80
50
55
50
20
55
50
50
50
60
30
50
50
50
50
25
72
50
60
28
3
50
55
30
60
50
54
16
60
50
62
84
26
25
20
52
32
25
50
70
50
60
54
60
20
60
20
30
50
18
50
50
30
60
25
50
32
20
59
60
50
15
32
50
50
50
50
55
50
50
12
20
25
55
20
50
55
20
50
20
50
50
16
15
60
50
52
50
20
25
65
20
55
24
50
28
25
50
50
60
16
60
20
16
50
50
60
32
55
12
60
20
50
25
50
65
32
32
30
20
20
20
50
27
56
27
60
60
20
32
60
50
30
60
50
60
50
75
50
60
20
50
30
50
50
30
60
50
50
20
60
20
50
22
55
50
60
50
5
28
30
8
30
30
30
30
50
80
20
50
55
30
30
50
30
50
20
56
50
50
20
66
32
60
50
50
75
20
10
30
10
50
30
20
50
16
50
52
50
30
60
66
70
24
30
20
72
50
20
60
60
30
25
60
25
50
24
20
55
84
30
14
50
60
60
30
30
60
21
62
10
50
24
52
20
8
56
50
60
20
52
30
25
15
55
50
50
50
50
15
20
60
50
12
60
70
15
50
20
60
50
50
20
60
22
20
60
24
50
99
50
60
30
84
52
54
50
78
20
50
50
50
30
20
15
20
60
20
50
50
50
50
12
50
50
20
60
55
30
28
60
20
20
65
49
18
60
30
50
20
10
70
56
25
50
72
10
10
5
30
49
20
25
25
60
30
50
30
50
30
75
70
50
50
24
55
50
25
20
20
20
85
30
56
50
99
12
25
80
20
50
27
50
50
80
52
20
50
60
84
65
50
12
60
50
50
50
20
50
50
10
20
70
20
55
20
20
50
50
10
50
12
50
50
12
28
50
30
10
50
50
65
18
32
30
30
50
30
50
55
50
99
70
55
50
56
30
60
65
30
20
60
20
24
25
55
12
50
50
60
70
60
50
60
60
30
10
30
50
26
55
60
30
30
24
50
60
30
51
16
50
50
3
50
27
50
50
21
50
50
60
30
60
10
60
12
20
25
50
60
25
16
55
24
50
20
60
12
60
15
25
50
50
52
60
30
8
50
50
50
10
60
20
55
50
20
15
30
12
20
15
70
15
50
20
13
50
25
8
65
77
84
28
50
55
32
60
52
50
60
10
8
50
60
50
20
50
60
16
50
30
20
20
50
70
70
50
20
60
30
50
16
50
54
32
50
32
60
70
60
50
20
60
90
20
65
50
50
50
60
30
75
50
50
30
50
50
20
8
24
50
18
15
60
25
20
15
60
60
60
50
50
8
20
16
50
50
10
50
20
50
30
50
60
60
60
60
55
50
50
30
25
50
20
60
15
30
30
24
50
50
30
25
50
10
30
50
60
15
32
16
60
98
55
58
25
60
65
60
20
50
50
18
55
60
55
24
30
50
30
20
30
55
60
55
50
30
30
49
30
50
55
2
50
20
26
50
50
20
15
60
16
20
50
25
20
52
50
20
75
50
12
25
30
20
60
20
60
80
25
12
20
20
20
15
30
12
60
50
50
55
50
20
32
60
55
8
60
25
55
25
60
55
25
20
60
20
60
30
56
20
25
50
30
24
53
30
20
70
20
60
99
50
20
30
12
21
55
25
64
10
25
28
60
50
60
33
30
70
20
63
99
30
50
50
50
32
60
25
16
12
55
55
60
80
25
65
10
25
20
50
18
50
80
75
50
25
80
10
16
25
50
12
30
72
60
30
75
30
60
56
60
30
50
20
72
30
30
50
30
50
50
20
70
55
60
60
3
50
55
24
50
25
50
25
25
50
60
50
1
50
20
30
60
30
15
50
50
50
33
27
50
50
16
50
30
80
30
60
60
20
50
50
30
72
65
30
12
60
10
60
25
55
50
32
60
50
25
55
30
50
22
1
20
15
20
55
60
20
10
50
18
20
60
60
50
70
12
16
55
60
24
60
6
50
8
24
11
25
30
50
53
60
60
20
50
30
50
50
20
20
30
50
15
30
50
20
24
50
50
55
25
50
16
20
60
30
50
55
32
16
55
30
55
60
20
50
20
28
50
70
60
16
50
50
50
25
50
50
60
60
50
30
15
50
50
60
60
60
50
30
60
60
20
68
30
55
5
10
24
16
32
55
70
50
50
98
8
60
55
60
30
60
30
80
10
18
23
30
24
30
50
70
50
55
60
32
50
70
50
50
50
20
60
60
20
50
70
55
16
50
50
60
60
15
25
5
60
50
52
9
30
15
20
50
60
60
50
60
55
50
20
60
55
24
50
60
55
60
10
65
4
30
20
30
20
60
30
56
20
30
10
60
20
30
28
50
50
12
60
55
25
15
55
20
55
8
50
25
50
50
30
55
30
24
25
55
30
16
50
50
20
60
87
65
50
50
60
54
30
88
16
73
70
50
50
8
60
17
32
25
70
15
25
10
52
50
30
24
52
60
60
30
51
20
65
60
20
50
90
33
55
50
60
75
10
50
30
30
13
55
49
50
80
55
10
50
55
20
50
50
50
55
30
20
50
50
52
30
30
60
63
25
60
50
60
25
50
55
50
50
50
30
50
55
25
50
60
10
99
60
15
75
18
55
65
50
50
6
25
70
65
50
20
30
50
60
16
25
16
66
25
14
60
14
90
25
65
60
50
50
50
20
20
20
16
60
60
50
55
72
50
20
25
25
90
80
15
24
50
20
60
60
50
10
10
70
20
7
25
5
20
50
52
15
50
55
60
26
50
20
50
80
60
50
70
20
50
30
8
72
60
50
12
50
24
20
60
10
32
60
32
52
60
20
50
25
99
70
32
50
50
70
60
50
30
50
30
25
50
60
50
30
50
63
30
60
75
52
60
50
60
65
60
10
30
20
20
50
15
12
50
60
21
55
50
2
60
55
20
53
20
50
20
50
32
20
20
50
50
50
30
50
50
30
20
25
65
50
20
70
65
30
60
20
50
80
56
50
28
50
60
25
20
50
6
10
25
15
20
32
13
50
89
60
25
50
30
50
60
60
32
60
10
8
15
60
55
60
75
30
55
20
30
50
32
55
50
60
60
30
20
20
20
30
30
50
12
72
20
60
60
50
50
60
60
55
55
30
30
8
20
50
15
20
30
50
25
20
70
55
25
50
30
15
55
60
24
55
12
10
32
50
50
58
24
57
25
50
50
60
30
50
22
60
30
30
55
25
23
50
15
10
20
50
50
50
30
20
60
60
60
50
30
20
20
20
60
15
50
52
25
50
60
70
60
70
32
24
60
27
80
60
25
50
20
50
30
20
25
50
50
50
52
30
60
15
50
25
50
50
30
80
50
20
25
20
55
30
24
55
50
80
50
32
50
50
20
28
15
20
70
50
65
24
50
10
60
10
25
60
20
50
15
60
30
75
50
24
97
52
32
55
70
70
50
50
50
60
12
58
25
60
55
25
50
60
6
50
24
52
24
50
30
60
30
8
56
50
30
16
60
52
30
55
8
15
50
50
55
25
60
20
20
30
50
30
60
54
85
78
58
50
20
60
30
50
50
50
50
30
50
50
50
80
55
60
55
56
16
50
50
60
20
60
60
58
8
60
60
50
22
30
50
50
26
20
20
16
32
10
30
20
50
50
30
20
60
55
10
60
30
32
20
60
50
15
30
65
55
20
32
49
55
55
32
24
60
90
60
60
30
26
90
50
50
27
24
50
30
60
63
24
15
99
50
20
50
50
20
30
18
25
50
65
28
10
4
30
50
75
60
50
60
52
65
20
55
30
50
50
15
12
84
60
60
60
50
32
50
80
50
50
24
18
65
24
65
33
60
50
49
25
55
20
8
50
10
59
50
80
30
50
15
32
50
50
20
60
60
50
50
50
60
50
30
70
65
50
20
18
60
20
50
30
52
52
30
70
15
30
55
28
25
30
60
70
33
30
50
55
80
50
72
30
30
20
99
33
50
28
80
60
55
30
30
18
65
50
24
55
16
25
32
50
50
20
1
10
60
20
30
50
70
50
10
60
30
50
50
15
22
60
50
9
32
32
24
60
55
16
55
80
20
30
30
10
50
10
25
80
30
20
60
50
60
15
65
65
20
21
10
84
50
80
30
60
65
32
99
30
60
15
84
60
70
20
50
30
20
50
60
15
25
65
80
20
16
50
50
27
50
30
31
60
50
60
50
80
20
50
16
50
60
60
50
60
80
50
60
20
52
99
16
12
50
60
50
30
60
75
50
50
20
60
30
16
52
30
6
6
15
12
60
10
55
55
50
11
60
50
20
70
25
60
28
50
50
20
50
55
30
60
20
50
30
55
50
50
15
20
50
58
50
50
30
58
50
30
50
55
72
50
30
50
30
25
60
65
65
60
60
20
20
55
30
60
50
50
8
50
65
25
22
50
32
55
80
50
60
60
50
20
60
60
60
24
50
50
20
50
10
50
50
94
55
50
30
50
60
20
50
26
15
55
30
20
30
30
55
60
70
15
20
10
15
60
30
50
50
50
24
50
50
30
50
15
55
50
50
50
60
50
55
18
50
16
25
20
50
60
12
50
10
50
60
50
50
28
32
60
70
24
8
20
50
30
60
60
50
50
30
25
12
50
30
4
10
60
50
14
60
15
24
20
50
50
20
54
65
25
50
50
19
55
50
80
25
60
16
50
30
52
20
52
50
32
55
30
50
60
55
30
10
25
30
30
50
49
24
8
50
25
20
65
70
12
15
25
60
17
20
30
60
72
25
70
20
50
54
30
12
60
30
60
66
30
60
33
50
60
30
32
25
56
28
80
32
26
12
50
60
33
50
28
60
55
30
29
50
50
30
20
60
30
25
55
20
25
50
30
8
65
20
50
20
10
30
65
50
25
65
50
60
25
30
20
50
50
8
18
50
28
85
50
53
20
20
50
80
55
20
15
60
29
50
56
25
50
15
21
60
65
60
50
55
55
50
30
6
25
50
50
50
99
50
50
4
60
50
99
50
27
30
70
28
30
60
32
15
50
50
25
11
50
50
80
55
50
24
24
65
15
50
60
50
70
50
20
25
50
60
56
10
17
20
55
60
24
60
60
20
50
20
50
25
15
75
60
50
70
50
55
25
55
19
25
30
25
28
32
25
25
77
24
55
60
85
50
72
30
60
15
60
20
50
60
70
32
70
20
20
50
21
20
60
50
30
50
64
65
30
84
50
12
50
16
80
65
99
30
20
50
60
20
25
30
30
50
50
60
50
70
9
50
26
15
7
60
30
16
55
30
72
30
25
32
17
60
50
30
20
19
70
26
50
30
55
32
32
60
85
99
50
60
20
60
50
20
18
52
26
25
20
50
7
30
15
30
25
50
70
25
30
50
63
70
50
20
50
14
15
60
20
60
30
50
50
26
15
60
25
60
50
52
30
50
50
70
96
49
20
4
66
20
50
11
20
50
50
24
52
30
24
65
50
25
20
50
60
99
65
50
15
25
20
60
50
15
24
50
55
50
60
55
20
20
57
20
25
50
50
24
25
60
56
55
30
56
25
50
30
60
50
60
60
60
60
75
25
50
50
25
50
50
24
50
65
60
15
50
16
60
25
14
50
50
4
50
50
50
50
20
30
56
55
50
50
55
30
16
50
30
20
55
50
20
82
20
70
60
50
50
50
70
20
20
50
72
60
30
50
30
20
52
25
50
10
50
20
25
50
70
60
30
25
28
20
15
2
30
20
24
50
60
58
50
50
50
55
72
50
10
20
50
30
50
60
50
50
50
55
70
30
50
25
50
55
54
50
60
90
3
12
25
70
20
25
55
55
30
30
25
55
25
25
55
30
99
50
52
24
50
25
50
25
50
50
60
60
50
57
4
60
60
30
50
60
55
50
60
60
72
8
20
55
20
60
15
65
50
50
20
30
60
50
60
50
25
50
50
20
50
50
60
70
60
50
60
50
30
60
80
50
55
30
10
55
30
80
24
50
30
25
50
50
50
70
55
30
60
50
25
60
50
25
30
32
20
60
50
72
50
24
10
50
20
20
20
50
60
70
70
60
50
10
50
50
49
50
20
50
20
50
30
50
55
50
15
50
50
72
5
20
30
60
30
20
50
20
15
60
8
9
50
30
6
20
60
20
50
52
30
50
24
25
16
50
16
50
72
52
30
32
50
65
20
30
19
55
50
6
33
20
50
15
20
30
15
25
20
50
60
60
25
55
18
50
62
1
25
16
50
60
27
20
65
50
60
65
58
66
60
10
28
60
97
30
60
60
20
30
30
60
20
20
20
60
50
55
20
50
25
20
10
72
72
50
15
60
20
50
12
20
65
50
22
55
12
50
32
30
55
20
32
50
60
55
25
60
8
52
60
16
16
60
60
55
15
20
60
10
26
15
50
55
25
12
60
60
30
72
20
60
50
60
60
30
50
60
50
60
10
20
50
20
30
12
20
15
50
50
60
50
50
25
15
60
30
60
2
30
50
50
60
60
32
72
7
20
60
30
50
60
20
20
99
84
60
60
50
30
60
30
32
72
20
20
30
56
50
30
54
50
30
50
54
55
15
50
50
60
60
20
60
52
60
20
51
50
30
20
70
22
50
50
20
12
50
50
12
60
55
60
50
80
50
20
50
30
30
15
30
30
50
30
55
55
20
60
4
20
33
60
26
30
30
50
20
25
20
50
30
55
12
50
30
60
20
25
15
60
30
25
60
55
5
20
30
50
25
56
12
30
30
30
60
50
60
55
30
65
50
16
60
55
50
50
10
60
50
20
50
8
20
60
55
20
50
50
16
50
60
30
25
20
50
50
32
70
70
30
16
50
8
75
50
50
30
52
20
80
50
30
24
20
25
62
25
20
25
12
50
25
50
60
50
20
70
30
50
17
8
60
60
20
20
50
60
10
50
50
60
50
55
16
50
60
60
50
50
65
30
32
50
65
15
50
55
5
50
23
60
16
80
20
20
50
65
50
30
50
30
60
30
60
30
10
50
32
60
65
65
25
10
80
30
70
99
30
50
60
60
20
4
50
20
25
55
15
50
30
25
50
20
50
50
30
55
15
60
24
24
75
60
50
30
30
51
65
50
50
21
60
18
60
50
50
20
50
25
20
60
60
25
30
55
50
15
99
55
24
50
12
32
50
30
20
15
6
50
30
7
50
70
55
6
55
25
60
25
60
80
14
30
62
60
16
60
32
60
50
55
24
65
25
20
2
50
90
24
50
65
55
50
50
49
60
8
50
50
25
50
65
28
63
28
16
60
20
3
80
50
8
50
50
20
60
25
25
50
50
50
24
80
52
10
49
25
32
30
60
25
30
50
60
10
50
25
30
50
60
15
25
7
20
20
20
20
25
4
20
55
57
28
24
50
70
50
72
29
64
25
25
50
16
20
30
20
20
20
70
50
15
20
58
60
32
50
60
27
50
50
55
20
60
60
50
72
50
20
30
70
25
50
21
50
55
60
25
25
50
30
50
4
60
50
60
55
60
60
15
21
55
60
10
60
30
50
25
30
50
20
25
30
60
50
86
80
55
50
50
23
15
20
25
24
55
2
20
50
50
8
60
50
55
60
30
60
25
50
50
50
24
20
50
50
60
50
20
30
75
20
50
25
25
50
20
55
50
20
60
50
20
50
15
55
20
60
16
50
50
20
50
30
60
60
60
18
20
30
55
24
50
30
52
50
55
65
60
55
20
30
50
99
50
60
28
70
60
55
20
99
60
25
50
60
60
56
12
75
30
50
12
50
99
10
60
80
30
20
65
24
50
55
50
50
17
70
26
65
70
70
50
6
55
50
50
60
52
50
50
33
84
75
50
25
75
30
52
15
72
60
55
55
70
30
20
15
8
20
60
60
25
50
25
50
55
50
60
20
50
50
55
50
50
55
56
30
50
58
50
50
15
25
12
5
50
50
20
10
50
4
50
55
25
60
99
60
12
50
50
72
25
50
50
25
24
50
60
60
20
20
50
24
30
26
55
25
84
20
60
22
30
50
15
20
30
55
55
15
65
20
30
30
55
50
55
50
13
2
30
50
50
60
28
52
50
56
50
30
28
13
24
60
25
6
50
10
22
50
65
30
55
58
25
10
50
28
30
15
50
8
60
30
55
50
15
24
32
24
65
50
13
30
60
10
50
50
30
50
65
50
50
20
50
20
32
50
50
20
5
30
3
50
25
30
30
55
50
12
50
16
50
55
60
30
50
30
32
50
50
18
30
60
60
7
70
50
50
50
58
50
50
50
60
50
25
25
15
70
50
30
20
60
25
20
20
70
70
50
5
20
20
25
65
70
8
60
65
50
62
30
20
84
15
70
20
50
27
30
30
50
55
30
50
60
70
50
50
60
60
70
60
9
50
23
20
10
16
50
70
50
30
50
30
20
32
10
20
17
55
50
30
50
30
20
50
20
60
30
24
80
84
60
60
50
20
32
25
12
70
15
16
4
58
30
50
30
55
55
20
60
60
10
24
50
56
50
24
20
80
60
20
55
11
16
30
50
6
20
99
64
60
50
52
25
50
6
50
25
25
54
20
20
50
70
50
60
60
60
8
50
25
50
25
52
50
25
24
50
50
50
20
60
60
55
55
20
50
50
49
27
65
60
72
25
30
25
50
20
32
5
20
60
32
56
81
50
30
50
28
15
20
8
28
15
50
12
70
30
50
30
50
50
50
50
50
55
20
15
28
55
30
50
50
60
25
50
60
15
20
16
30
60
50
20
32
20
50
19
50
60
20
55
50
60
15
20
50
65
32
50
72
60
55
65
55
32
50
50
50
50
60
60
50
52
25
50
84
70
60
15
53
60
60
52
20
50
99
20
60
16
70
60
16
50
20
30
32
30
60
10
25
33
12
30
32
50
50
55
14
15
30
50
50
30
60
18
20
50
50
30
20
20
55
20
25
24
51
55
20
99
24
25
55
60
30
50
4
25
20
50
24
20
30
50
50
20
62
50
33
50
55
15
20
50
50
70
60
20
15
50
65
50
20
50
30
20
25
8
30
60
22
55
55
60
50
50
27
30
50
65
50
76
18
60
18
80
60
16
78
60
50
12
72
50
50
60
50
3
20
30
60
15
55
30
24
50
60
75
50
60
20
15
50
99
50
50
16
60
16
16
10
24
80
20
30
55
20
25
99
15
30
25
50
30
56
50
32
50
60
60
52
20
50
60
32
22
18
32
33
30
50
75
50
4
20
60
80
55
10
30
30
60
4
50
60
50
50
20
70
30
65
50
55
20
72
50
28
50
10
50
8
50
50
50
50
6
24
7
50
55
60
60
84
50
14
20
50
55
50
55
20
55
50
18
55
60
50
50
30
4
55
70
50
24
70
25
84
30
50
25
50
50
25
55
10
50
72
32
50
25
15
24
50
52
55
27
60
23
20
98
30
50
75
21
60
20
53
55
52
10
28
25
60
53
25
25
50
15
20
65
70
50
50
50
50
50
27
25
20
50
24
50
60
30
50
8
30
50
15
50
30
15
50
80
65
50
60
20
75
50
80
25
32
60
16
50
65
50
55
60
50
30
50
25
5
50
20
16
60
60
30
16
50
8
60
8
60
30
20
20
32
50
50
20
32
20
25
6
20
66
32
20
30
50
50
32
50
55
50
50
50
15
10
30
15
30
55
20
10
15
10
50
15
20
50
72
50
25
50
50
60
30
50
16
60
50
50
60
70
30
80
65
12
25
50
50
60
25
50
20
60
15
26
80
50
50
60
50
20
60
10
50
8
50
60
15
7
24
27
50
32
30
15
30
50
30
15
50
75
20
25
50
80
32
15
70
60
30
25
50
15
15
20
50
60
20
50
15
30
60
25
70
50
50
8
16
32
60
30
20
56
24
50
50
30
60
20
8
24
70
15
60
25
20
55
55
20
15
56
20
60
50
50
50
60
20
20
25
60
6
50
50
65
65
60
60
65
22
50
49
25
20
50
30
55
65
50
50
52
30
54
30
56
20
60
50
32
20
15
50
55
55
30
30
32
15
60
20
60
20
30
32
20
24
30
25
15
50
15
15
50
50
55
30
60
70
10
50
28
60
22
50
20
25
50
16
56
15
55
20
20
60
50
60
25
50
99
65
15
50
50
50
20
50
26
25
28
60
50
80
10
50
50
60
70
28
15
60
88
15
20
50
20
98
50
50
56
53
8
20
68
30
20
20
50
55
60
30
30
60
20
32
10
50
70
50
65
25
50
25
20
50
30
20
20
20
20
55
25
60
50
32
60
50
60
50
15
60
50
70
50
30
50
25
20
60
50
29
25
80
30
15
50
30
20
25
12
10
55
16
30
30
50
50
20
60
65
50
70
60
56
25
10
55
98
60
50
12
50
50
20
25
50
20
80
25
50
30
16
20
50
30
24
14
50
60
55
50
7
30
50
50
50
80
60
25
7
50
60
16
15
60
60
55
30
70
12
30
20
4
65
50
16
60
4
55
28
7
60
60
28
84
21
20
25
50
50
14
60
12
30
30
23
25
50
20
8
20
25
25
60
30
16
56
24
20
60
60
50
20
60
13
57
50
50
55
14
60
50
25
50
55
50
60
65
50
50
50
8
60
52
72
60
81
60
20
20
30
60
50
55
2
20
30
60
30
15
24
15
50
50
65
50
20
26
30
57
60
30
50
50
70
20
32
15
60
50
15
18
25
12
60
70
60
50
55
55
20
50
50
30
55
24
25
60
32
50
50
16
16
60
50
25
55
20
25
60
65
25
84
29
60
8
60
50
50
25
60
60
70
50
50
15
12
50
50
50
8
24
50
20
20
30
50
60
60
50
16
15
16
52
20
50
18
50
51
30
60
50
32
20
60
50
17
18
30
25
50
65
20
16
30
50
50
50
50
50
18
50
50
26
55
50
50
50
20
30
18
30
25
33
30
50
50
70
32
50
70
55
50
16
15
50
60
12
50
50
30
20
50
50
50
28
30
32
20
20
60
20
50
20
60
55
50
30
25
50
65
51
60
50
60
60
30
60
50
25
6
25
25
50
30
50
65
60
50
50
50
20
50
50
50
32
6
50
60
32
20
65
70
58
50
24
4
70
55
60
20
50
24
60
50
27
15
50
60
50
65
50
32
20
65
50
20
15
50
20
8
60
70
55
30
50
50
15
50
50
56
70
30
70
55
25
5
50
30
60
50
98
50
30
50
50
55
50
50
53
30
24
60
60
25
55
55
60
13
60
70
25
60
50
14
30
50
10
60
20
10
20
60
50
20
30
30
60
60
50
25
32
50
50
20
50
25
55
9
50
60
56
20
50
55
50
54
30
30
30
70
20
50
20
30
60
50
20
50
55
50
55
30
25
68
50
99
25
25
55
32
50
20
30
55
25
50
50
30
4
25
50
32
15
55
10
84
60
50
64
60
20
32
50
60
60
65
60
50
20
30
15
55
84
60
50
50
50
55
20
30
50
50
75
60
20
60
60
15
16
50
50
25
60
50
50
60
50
30
50
20
30
15
30
30
55
60
50
30
25
50
84
52
50
55
50
60
4
30
50
50
51
65
55
32
50
20
32
55
60
20
99
20
55
10
32
10
25
50
25
18
60
20
50
52
32
60
60
20
13
50
30
25
65
20
15
3
30
20
30
80
25
50
20
30
60
50
55
56
55
10
50
50
20
20
5
55
10
33
50
8
50
25
50
99
52
30
32
24
15
25
50
50
30
60
8
30
55
50
24
25
7
20
30
12
25
15
50
20
16
18
15
55
52
60
24
70
50
76
15
53
60
92
60
15
18
20
60
25
50
50
15
15
50
16
15
24
25
32
15
50
32
54
30
18
30
30
8
50
50
20
25
50
50
50
50
20
10
50
60
20
28
30
55
60
30
50
60
52
50
50
50
60
50
20
50
75
55
30
30
50
50
2
50
50
52
50
25
60
55
15
68
24
55
15
30
50
22
50
70
99
20
58
33
30
50
30
60
50
24
15
55
2
55
60
10
50
90
50
55
50
12
12
50
16
30
55
30
51
10
25
30
50
50
20
56
56
49
30
12
24
30
60
55
60
20
50
20
99
50
32
55
30
20
15
25
30
5
60
55
57
25
25
50
56
30
32
20
30
60
8
60
10
60
30
16
50
60
24
60
65
75
50
20
12
57
50
65
30
32
60
25
60
25
60
10
15
20
70
16
10
65
50
50
55
60
30
55
99
56
65
50
60
12
1
55
50
50
30
20
20
10
50
50
15
50
3
55
25
18
8
56
55
30
30
30
60
80
60
50
30
50
30
30
60
24
50
65
50
70
30
60
70
15
55
50
20
24
20
60
54
32
25
60
30
50
50
30
60
50
7
50
25
30
80
10
25
16
60
50
30
5
80
20
50
56
20
52
50
20
70
50
50
60
30
55
25
80
50
50
30
15
55
15
20
55
25
65
99
28
75
50
80
24
50
50
50
60
16
12
1
20
10
60
55
25
30
18
6
55
15
70
50
68
28
30
50
60
25
15
50
24
20
60
60
50
30
25
50
30
57
20
50
50
60
25
20
65
75
32
70
50
50
20
55
55
15
70
50
8
50
60
50
50
50
50
32
13
30
8
50
8
30
30
50
25
49
20
52
8
16
16
25
15
25
50
55
60
32
28
8
10
30
60
60
30
50
56
60
50
30
50
30
55
50
60
32
50
50
60
60
55
60
20
50
20
84
50
30
24
25
55
60
60
20
65
25
20
65
50
10
67
55
20
15
65
55
25
60
60
60
20
60
55
53
70
50
60
55
32
55
50
50
70
70
50
25
65
15
70
15
60
60
21
20
20
70
84
50
50
65
25
30
14
19
80
80
12
25
10
50
50
30
50
50
50
15
65
50
50
50
50
60
22
60
54
30
60
50
55
56
25
60
17
8
30
50
30
50
50
80
20
10
50
20
15
50
20
65
30
62
15
14
50
24
50
50
60
55
20
65
55
20
30
50
55
6
24
20
20
30
50
24
60
60
50
12
20
20
64
60
57
75
33
25
56
50
50
50
50
72
55
50
50
24
60
50
24
50
90
30
50
20
60
60
15
28
65
10
50
55
20
65
20
55
30
50
30
10
50
24
20
20
65
15
50
50
25
30
32
50
32
50
60
30
50
70
30
60
50
70
20
52
10
60
55
50
24
50
65
50
60
15
50
60
55
60
70
22
20
99
60
50
50
30
14
65
24
30
56
30
20
50
16
52
30
15
56
50
32
24
50
60
99
50
10
25
28
55
17
12
32
28
8
50
60
14
50
16
52
60
50
20
60
60
50
30
27
60
50
65
50
84
65
20
25
50
10
7
12
50
60
6
16
50
50
20
20
50
30
10
55
70
60
20
50
49
32
60
61
60
62
15
65
3
15
50
50
55
50
52
60
55
50
20
50
25
50
50
50
25
15
80
70
30
30
60
10
20
50
30
28
50
60
25
20
60
20
24
65
10
55
70
20
32
65
20
55
60
55
55
65
60
20
55
10
30
30
50
50
50
50
60
25
60
30
20
50
20
65
25
25
60
60
10
70
20
65
55
60
65
32
65
15
60
80
20
50
65
50
55
50
20
56
50
50
50
50
50
50
30
50
55
20
55
17
20
60
65
20
20
55
30
60
17
50
15
55
50
25
75
50
22
70
50
7
50
50
52
60
30
20
30
60
25
20
19
55
55
28
12
60
12
50
32
7
60
10
50
24
60
60
60
12
50
30
25
30
15
20
30
60
50
50
60
55
60
85
20
55
50
60
60
30
15
91
85
30
22
60
55
30
28
50
50
65
55
20
80
30
25
18
50
32
52
56
52
55
16
30
72
20
20
5
50
50
27
50
20
30
15
50
30
30
50
50
60
10
30
50
50
20
55
80
20
50
21
50
27
50
60
50
50
50
50
20
60
60
60
25
20
55
60
25
25
65
18
70
24
60
54
30
15
50
28
50
60
60
50
30
10
24
60
24
50
20
65
60
2
25
70
50
50
50
50
55
65
30
50
10
30
30
50
60
15
12
50
50
23
12
80
12
60
26
50
6
50
15
10
99
72
70
30
70
15
20
60
84
15
32
25
30
50
16
50
20
55
60
50
50
50
50
15
30
60
50
30
30
55
30
50
70
60
25
25
30
60
99
16
60
20
60
60
10
55
27
55
24
50
75
70
20
55
2
60
50
12
55
50
32
50
20
27
30
55
70
15
50
50
50
50
55
55
60
16
15
60
30
50
63
50
60
50
55
50
25
13
32
22
20
9
30
60
22
15
60
25
50
50
55
50
50
60
25
99
55
4
30
50
50
72
50
16
60
20
50
30
50
60
70
55
16
50
50
50
10
30
50
50
50
50
50
50
60
16
20
30
32
10
60
55
15
20
20
21
15
15
65
10
64
60
10
50
99
15
16
4
15
30
50
50
50
53
20
30
60
20
50
15
70
8
50
62
29
50
55
20
60
20
22
25
70
70
30
20
55
10
20
50
24
20
10
50
50
20
20
30
12
15
50
50
50
60
25
60
20
15
50
50
55
52
50
25
20
60
4
30
50
52
10
90
20
20
4
1
50
60
50
75
70
50
50
20
65
20
30
23
50
55
60
55
20
50
60
60
50
55
10
50
60
50
70
50
60
20
12
28
50
10
60
30
4
50
60
57
80
50
55
50
20
24
98
28
25
60
12
16
32
30
12
20
24
20
30
27
60
25
12
15
50
10
16
20
55
20
60
25
60
65
55
32
55
30
28
60
32
30
50
3
12
24
50
99
50
15
20
53
12
2
80
55
30
50
20
32
50
25
60
20
55
30
25
50
8
60
50
50
60
65
65
60
32
25
10
23
15
30
60
50
25
30
20
30
55
50
55
55
60
50
30
65
50
50
15
25
84
57
99
70
55
15
70
60
32
20
50
55
56
60
50
70
15
25
20
20
80
50
72
80
50
53
50
50
50
60
60
50
30
30
60
16
20
32
55
62
50
96
25
65
25
30
30
60
55
10
6
50
55
60
30
50
50
55
15
60
10
25
30
80
50
25
65
50
52
20
24
50
15
25
60
20
50
20
32
60
10
50
25
55
30
60
30
55
90
30
12
50
25
25
50
50
60
20
55
30
30
20
50
50
15
50
12
5
65
20
20
30
20
30
90
50
15
30
20
20
60
60
66
20
25
50
16
30
50
30
22
70
70
12
65
15
50
99
50
50
50
32
50
70
50
50
10
60
55
20
20
25
20
20
50
60
30
60
50
20
20
90
60
30
60
55
12
50
18
30
20
60
50
20
50
50
28
56
50
60
16
50
50
60
60
55
25
32
50
20
90
20
50
30
50
60
22
18
50
60
60
50
60
65
70
55
25
60
30
20
20
65
20
30
50
50
52
50
33
55
30
60
30
30
60
50
70
50
50
10
20
60
30
20
24
65
60
50
50
50
65
20
50
20
50
50
60
30
60
60
65
50
60
60
50
20
65
55
50
56
30
60
20
70
15
50
65
25
15
50
60
78
50
50
8
12
60
30
25
50
58
50
32
50
50
1
50
50
60
70
50
6
50
60
52
60
55
50
60
20
25
21
60
50
24
70
10
55
20
60
20
15
30
20
60
16
20
30
80
60
50
60
50
25
60
60
50
17
10
24
20
22
32
60
65
52
50
60
50
50
50
15
25
50
28
99
20
55
10
30
50
50
55
50
30
20
8
50
30
60
15
55
65
30
55
50
50
55
60
24
50
50
60
30
50
20
30
95
25
20
20
15
25
50
64
50
16
60
32
50
50
50
25
56
60
15
15
50
50
65
65
25
55
20
50
50
50
30
65
20
77
30
60
67
25
56
20
20
60
25
20
72
50
50
30
20
30
60
50
50
25
85
25
20
24
55
20
50
49
10
12
24
18
60
25
30
24
60
68
32
50
30
30
50
60
30
50
20
20
50
16
52
20
25
50
20
60
60
60
50
15
30
18
86
54
10
50
50
56
50
55
12
70
30
30
60
72
20
65
50
23
60
55
18
18
50
20
20
50
16
16
25
16
50
25
62
55
50
60
20
75
55
55
50
60
32
50
20
50
20
60
50
20
72
17
55
20
50
20
30
20
60
56
20
50
50
50
50
50
60
60
60
70
25
20
30
55
70
50
12
16
15
80
20
20
55
50
80
50
25
50
60
55
15
30
30
20
20
32
80
30
30
30
50
50
6
50
24
60
30
15
65
60
30
70
55
60
70
28
50
50
80
10
55
55
20
50
60
9
60
20
20
30
85
60
84
50
10
60
50
50
30
65
51
99
60
50
80
60
55
30
20
30
70
60
55
15
25
32
30
60
24
20
25
30
50
25
32
49
12
66
12
50
50
60
50
50
53
32
60
20
15
25
23
8
32
60
65
15
30
50
25
30
55
72
30
25
24
20
60
12
50
50
50
50
50
30
13
50
51
50
10
50
10
30
50
12
60
20
70
24
60
30
80
25
60
50
50
25
32
70
55
25
54
50
60
50
51
14
72
80
50
4
55
50
32
50
50
55
50
20
24
20
50
99
90
50
60
20
54
50
16
70
60
55
50
30
72
10
32
30
25
25
25
50
50
6
24
30
50
15
50
72
20
20
50
55
28
72
60
60
99
25
30
60
25
50
24
50
30
20
30
32
70
55
70
50
30
25
50
16
8
70
70
70
60
70
50
50
50
50
61
20
30
52
60
30
50
55
60
54
15
50
52
50
50
50
55
84
31
12
30
20
60
50
24
99
49
16
50
30
25
30
50
23
60
30
20
33
15
50
50
30
30
15
25
24
50
10
30
30
50
25
30
50
50
55
28
55
15
15
25
50
60
50
50
30
60
50
70
16
50
80
50
50
32
50
60
30
80
60
55
20
80
24
30
10
50
30
55
50
20
19
18
32
52
22
50
55
60
60
15
12
50
60
25
30
25
50
30
20
60
50
20
5
99
50
60
50
60
55
60
50
55
50
12
50
20
32
30
50
20
60
16
3
50
60
20
60
70
15
50
70
32
55
20
20
50
50
50
50
30
20
60
20
84
55
60
55
12
60
30
50
55
50
50
50
50
84
50
50
50
20
25
30
60
32
30
24
50
65
50
50
6
30
55
15
16
6
60
4
20
75
12
52
32
50
32
50
33
70
70
60
70
52
25
50
30
20
20
50
12
32
60
99
60
22
8
60
50
16
50
50
65
20
50
50
20
10
99
16
10
60
50
25
30
55
20
20
4
20
15
55
60
50
30
30
10
50
20
50
20
50
50
12
50
50
50
55
60
50
50
50
60
20
58
8
90
20
20
30
60
56
16
8
90
60
30
55
50
55
60
20
25
8
50
25
20
60
70
50
54
50
50
60
60
62
50
55
99
30
50
5
32
14
60
50
50
80
32
50
50
20
26
50
8
20
31
60
50
30
50
15
55
30
12
17
60
50
10
16
50
50
50
50
16
20
20
20
70
30
60
20
60
57
30
12
25
25
55
65
50
30
60
60
65
50
20
55
55
60
20
56
30
50
50
30
50
10
50
55
30
50
30
30
55
25
30
32
60
18
50
10
24
60
65
50
50
33
60
15
72
20
72
50
60
60
32
50
60
50
50
20
25
80
98
50
50
60
50
32
30
12
54
70
50
20
50
50
99
30
50
25
20
19
50
24
30
8
12
7
15
60
12
25
16
20
5
30
50
50
60
70
22
50
60
23
50
30
50
50
60
50
50
50
7
60
60
60
60
20
50
12
55
50
20
60
15
30
30
60
50
50
55
60
20
30
25
12
60
60
50
65
20
10
25
27
16
50
20
50
13
50
8
18
32
25
19
20
55
4
25
25
50
30
15
20
70
70
50
20
50
20
49
60
50
30
55
70
55
20
50
30
20
50
10
20
50
50
60
50
30
20
50
96
60
54
50
50
32
50
49
55
80
50
50
30
12
25
50
30
56
20
70
65
75
50
50
60
50
50
16
50
20
50
30
60
12
10
25
50
20
50
50
70
55
20
50
20
20
65
12
25
70
84
15
55
50
20
30
30
50
4
20
60
15
60
99
30
30
15
30
50
30
20
60
15
17
30
25
99
26
68
55
50
56
16
50
50
20
84
20
20
70
60
52
60
32
50
50
70
18
25
52
20
50
25
50
50
25
55
50
50
20
50
60
50
12
55
32
75
65
32
15
50
30
55
30
6
50
55
50
50
14
64
30
30
50
20
65
25
50
60
30
60
20
50
24
50
52
15
50
50
55
20
32
20
50
50
60
55
50
10
23
62
20
50
30
12
58
60
50
30
50
99
60
60
70
5
70
20
55
55
75
60
60
15
50
50
50
16
50
30
50
60
50
50
50
50
55
50
60
24
50
30
55
60
25
55
30
50
30
50
10
50
60
50
24
50
50
20
32
50
50
50
30
70
60
60
70
20
24
52
70
50
50
60
65
60
20
20
50
60
20
60
56
30
50
25
55
55
20
50
8
16
90
10
73
25
25
16
55
50
50
20
55
10
55
55
10
50
80
50
55
55
20
30
6
55
15
50
50
60
50
50
65
65
80
95
30
50
50
66
55
25
30
55
50
15
24
15
30
8
50
70
16
50
50
70
8
22
24
55
20
60
10
32
50
60
50
80
56
55
50
60
50
65
84
60
6
16
16
32
52
50
60
50
30
30
60
30
50
55
20
50
22
30
70
60
25
22
60
60
60
50
5
50
55
25
24
30
12
60
50
62
50
50
50
16
50
25
70
20
52
20
30
10
15
16
32
55
70
32
30
50
60
60
50
50
5
50
22
50
25
25
55
50
65
60
25
60
50
25
60
50
5
55
60
30
25
50
20
55
20
20
60
25
55
20
30
50
80
30
50
50
60
30
70
50
50
20
50
56
50
16
30
55
30
15
50
16
30
50
55
25
30
32
50
15
60
60
50
55
60
20
28
20
50
60
60
50
80
33
50
50
50
72
60
50
4
50
25
50
52
50
54
24
60
50
50
66
2
50
30
55
70
50
56
25
55
54
15
55
20
60
25
50
16
50
8
20
55
70
60
50
50
30
15
50
12
30
50
8
32
50
6
16
60
60
99
70
20
50
16
30
50
50
20
68
65
50
24
25
5
72
65
50
20
30
20
60
20
50
50
50
50
50
50
11
55
60
91
55
55
50
25
80
50
30
25
32
25
25
50
18
60
30
25
60
65
60
50
50
50
15
55
50
30
60
55
20
20
15
30
50
32
30
55
5
60
60
50
25
66
50
55
15
60
60
70
55
50
50
65
32
20
20
50
60
10
50
50
72
49
60
84
70
20
20
50
50
55
25
25
50
4
55
60
20
70
55
20
80
50
32
25
55
15
55
50
10
3
32
15
55
50
50
12
15
60
30
50
50
24
65
55
25
50
60
50
50
50
20
60
30
24
60
50
20
55
30
50
60
50
70
32
60
50
52
30
50
50
20
30
50
12
50
50
24
50
6
50
60
15
20
50
60
80
20
30
78
20
50
10
5
50
68
75
50
32
60
16
15
16
60
56
20
72
55
50
60
55
30
60
99
30
50
10
70
50
20
60
30
60
50
96
50
30
60
65
55
15
20
50
50
60
10
50
50
30
32
20
20
50
52
55
55
50
20
60
50
50
2
30
30
50
50
20
50
17
75
50
30
30
50
25
65
60
16
30
15
30
10
10
24
50
20
50
14
30
20
50
15
23
60
12
60
50
32
30
50
25
77
72
55
10
30
50
99
55
20
56
50
2
15
12
50
60
30
50
20
50
22
49
15
60
50
99
32
50
20
6
60
56
25
20
57
24
50
10
54
50
18
30
50
30
50
20
18
50
60
50
60
56
60
60
15
50
20
57
50
60
20
60
20
25
20
55
50
20
50
30
30
5
50
50
50
30
60
5
25
25
25
50
50
2
50
90
5
20
8
60
60
55
20
12
15
25
25
24
17
50
55
15
60
50
8
50
50
52
15
52
50
11
60
50
10
30
55
25
25
50
20
50
22
60
20
20
70
30
30
20
26
50
78
50
50
50
53
18
55
18
52
50
50
70
30
4
50
55
25
20
20
55
32
60
70
25
20
30
60
55
60
30
57
20
15
15
60
50
50
30
25
60
30
10
50
60
32
12
15
30
32
10
25
50
84
25
65
20
30
80
60
50
20
50
60
30
50
15
30
30
50
85
60
30
60
60
50
50
50
20
55
65
52
30
10
50
60
55
99
25
50
50
15
10
50
30
30
60
60
55
30
65
50
60
60
55
70
28
50
16
18
52
50
30
68
30
30
15
50
12
20
70
65
30
3
65
20
50
24
20
25
28
99
30
25
99
25
50
30
55
20
8
52
5
55
25
20
60
10
25
70
90
50
60
50
24
20
55
25
25
53
30
80
20
30
50
50
60
24
30
20
20
50
30
30
50
72
50
9
20
12
50
15
25
70
30
20
50
60
65
18
17
52
30
60
20
60
30
52
65
50
20
52
60
50
70
60
55
53
27
50
60
50
60
99
60
60
50
8
50
60
32
30
62
50
60
50
30
60
55
12
60
50
60
80
25
20
50
60
50
60
25
60
15
50
20
55
50
20
60
25
8
30
60
25
50
24
60
33
90
55
60
5
55
20
30
15
5
20
50
10
55
50
50
70
70
60
30
60
50
75
8
20
50
70
50
50
60
50
25
25
50
50
50
60
10
20
65
25
20
60
50
50
55
60
50
33
50
60
52
50
15
50
50
60
50
65
50
20
50
66
20
50
25
32
16
60
50
50
8
60
20
50
50
20
60
50
30
50
60
25
50
50
60
70
50
27
50
20
16
20
58
50
15
32
50
15
50
25
3
30
55
30
55
50
50
55
50
30
17
60
25
20
55
20
55
16
50
50
55
20
30
50
20
25
50
50
60
50
20
10
25
30
80
64
54
50
50
32
52
55
4
50
30
80
50
55
50
20
50
50
50
50
55
55
20
50
50
80
20
60
60
60
53
30
22
50
25
60
60
58
90
50
60
50
70
24
25
32
60
65
60
55
20
65
99
20
25
30
55
52
20
99
12
70
50
65
20
4
24
55
50
75
10
50
30
55
60
30
55
30
50
55
55
17
50
15
18
80
30
20
50
50
25
25
15
55
25
50
25
30
60
50
23
30
70
50
60
50
3
52
55
55
60
50
55
65
68
3
60
10
60
30
98
16
50
30
25
15
65
25
60
24
60
55
50
30
24
50
20
50
55
25
60
56
30
30
18
20
15
60
50
50
30
55
60
32
60
15
24
12
50
50
70
30
50
52
65
60
20
50
52
30
20
52
14
70
50
12
15
80
62
25
55
60
20
5
28
25
55
50
30
20
5
60
60
60
30
60
30
50
50
30
30
16
60
20
60
80
24
15
55
60
10
56
30
30
50
60
50
10
50
32
20
70
50
15
24
65
5
25
25
50
20
80
8
20
60
12
30
60
60
30
55
50
50
50
12
55
65
20
60
50
20
20
60
20
30
60
65
10
50
50
20
50
55
25
30
60
31
16
30
50
32
72
20
30
60
50
25
70
10
50
60
20
56
50
30
50
60
4
8
5
72
72
50
25
55
12
20
55
20
15
55
76
50
60
60
70
20
32
81
50
30
89
25
50
50
56
55
50
32
30
32
50
50
49
20
60
20
50
20
50
20
32
50
30
50
32
32
50
25
65
99
50
55
52
84
25
60
50
65
28
60
50
50
55
22
24
64
55
15
55
99
60
50
55
32
30
20
60
50
11
20
