--------
2
25,22
24,25
23,27
27,22
23,29
28,11
23,21
23,51
25,73
27,42
23,09
24,63
--------
3
10,38
10,82
9,71
32,47
33,81
27,81
27,85
39,28
28,77
33,56
31,12
10,72
28,21
29,81
28,03
28,23
30,72
29,29
28,2
28,14
29,97
28,06
29,43
28,92
27,61
27,88
29,37
30,62
28,25
28,08
29,33
--------
5
1326
1203
1297
1040
1123
1260
1404
1094
1088
1162
1104
1076
201,9
1033
1152
1130
1245
1132
1075
1076
1264
143,5
1509
1077
1138
1192
1075
203,9
1157
1214
1311
1041
1148
1290
1230
1306
1155
1364
1206
1169
1288
1491
1102
1138
1145
1217
1247
1274
1264
1092
1194
1293
1234
1546
1482
1386
1335
1174
1407
1250
1110
1384
1191
1167
1068
1320
1052
1214
1299
1308
178,8
170,4
1347
1479
181
--------
6
0,1425
0,1398
0,06251
0,0695
0,1323
0,06883
0,1335
0,06429
0,06955
0,06576
0,07005
0,06935
0,07026
0,06613
0,06995
0,06828
0,1634
0,1371
--------
7
0,1932
0,2396
0,2293
0,2022
0,2135
0,2276
0,1868
0,2008
0,2146
0,2233
0,2413
0,198
0,3114
0,1972
0,2364
0,2154
0,2576
0,2225
0,2004
0,1893
0,2204
0,187
--------
8
0,1578
0,1639
0,1683
0,2417
0,313
0,1692
0,17
0,169
0,2133
0,1539
0,1659
0,4108
0,1855
0,2159
0,2032
0,1793
0,1682
0,1695
0,191
0,1548
0,1948
0,1799
0,1811
0,228
0,1891
0,1544
--------
9
0,0917
0,07953
0,07752
0,0734
0,08123
0,09029
0,06987
0,07064
0,07483
0,08534
0,08087
0,07488
0,08353
0,07507
0,07404
0,0795
0,08488
0,07041
0,09934
0,08824
0,08481
0,07762
0,08172
--------
10
0,2196
0,2301
0,2743
0,2341
0,2403
0,2217
0,216
0,254
0,1167
0,2235
0,2595
0,2163
0,1215
0,2459
0,2538
0,2372
0,2238
0,122
0,2275
--------
11
0,07187
0,0898
0,07065
0,0707
0,07782
0,07633
0,07163
0,07839
0,08116
0,0731
0,07192
0,07279
0,07238
0,07125
0,07252
0,07098
0,07406
0,07102
0,07255
0,07976
0,07253
0,07126
0,07405
--------
12
0,5058
1,214
0,7474
0,5506
0,7049
0,5018
0,599
0,7311
0,6191
0,6362
0,5858
0,522
0,5619
0,645
0,6534
0,5381
0,5079
0,4993
0,51
0,9291
0,5461
0,5196
--------
13
2,342
2,067
2,174
2,22
2,043
2,508
2,06
2,612
2,2
2,015
2,509
2,878
2,09
2,904
--------
14
3,195
3,271
3,142
3,43
3,198
3,33
3,212
3,369
3,149
--------
15
40,51
36,58
45,19
36,46
36,35
43,14
40,98
39,93
35,74
44,41
45,42
45,81
6,802
35,77
34,84
37,11
38,49
--------
16
0,004097
0,005878
0,005367
0,00328
0,005072
0,00335
0,005488
0,004455
0,005857
0,004477
0,004675
0,004717
0,004854
0,005293
0,005969
0,004868
0,005884
0,005433
0,00508
0,003457
0,003818
0,005919
0,004599
0,004088
0,005217
0,005133
0,00604
0,005324
0,005706
0,002838
0,005518
0,005528
0,003634
0,00508
0,01496
0,00329
0,01439
0,005996
0,005298
0,004044
0,005472
0,004291
0,005517
0,00596
0,00468
0,004133
0,005851
0,004766
0,006032
0,004119
0,005169
0,003265
0,005501
0,002826
0,005436
0,005518
0,003741
0,004235
0,005332
0,006064
0,004348
0,003478
0,003632
0,003338
0,004148
0,006064
0,005031
0,005343
0,00591
0,005403
0,004729
0,005727
0,005617
0,004577
0,004732
0,005638
0,005783
0,005498
0,005608
0,004394
0,005833
0,005012
0,00423
0,00451
0,005212
0,005296
0,004271
0,004405
0,005682
0,005371
0,005442
0,005421
0,004259
0,005463
0,003629
0,002887
0,003958
0,005888
0,005391
0,005158
0,004449
0,005884
0,00398
0,005724
0,005883
0,005756
0,005314
0,00591
0,005836
0,004837
0,004796
0,004147
0,003888
0,005768
0,006054
0,005969
0,003271
0,004474
0,004873
0,004107
0,004957
0,004911
0,003704
0,00445
0,003245
0,006034
0,003535
0,002667
0,005096
0,005415
0,005704
0,003796
0,0042
0,004413
0,003681
0,005251
0,003828
0,004775
0,005868
0,003495
0,004242
--------
17
0,03845
0,04192
0,04785
0,03961
0,03932
0,03867
0,04638
0,03916
0,04112
0,04653
--------
18
0
0
0,04712
0,04757
0,04447
0,04615
0,04401
0,04645
0
0,03996
--------
19
0,01965
0,003333
0,002924
0,01665
--------
20
0,03218
0,01065
0,03139
0,03416
0,03464
0,03194
0,04243
0,01096
0,0297
--------
21
0,0023
0,002968
0,00304
0,002635
0,00299
0,004237
0,002146
0,001906
0,004463
0,002551
0,004452
0,00357
0,00384
0,002477
0,003856
0,004143
0,002629
0,003526
0,00236
0,003479
0,002665
0,005348
0,002248
0,003338
0,003586
0,002472
0,003761
0,002821
0,00354
0,002925
0,001794
0,00225
0,002619
0,002784
0,002817
0,004261
0,004726
0,001784
0,003317
0,003411
0,004392
0,001784
0,002476
0,002222
0,002917
0,0031
0,002754
0,003009
0,002668
0,002001
0,003721
0,002871
0,001798
0,002701
0,002272
0,004414
0,00206
0,00269
0,00283
0,002564
0,003563
0,002768
0,002979
0,003213
0,004821
0,002701
0,00248
0,003813
0,002569
0,001779
0,003629
0,003747
0,003494
0,002234
0,003599
0,002606
0,00589
0,004154
0,005304
--------
23
16,3
--------
31
0,06025
