--------
Coluna 0
4.6
5
4.7
11.5
12.8
12.8
11.6
12
15
15
12.5
11.8
11.5
11.5
11.5
12
11.6
13.3
11.6
13.4
11.9
12.4
12.5
12.2
11.9
13.8
13.5
11.5
11.9
12.6
11.9
12.5
12.8
12.8
14
11.5
11.5
13.7
13.7
12.7
12
11.5
11.5
12.2
12
12.5
11.9
12.8
11.9
12.3
12.3
12.6
11.9
15.6
12.5
11.9
11.9
11.6
11.5
13
12.5
11.6
13.3
12.4
12.5
11.9
11.9
12.9
14.3
12.4
5
15.5
15.5
15.6
13
12.7
13
12.7
11.5
12.3
12.3
12.3
11.7
12
11.8
5
12.4
11.9
12.7
13.2
13.2
13.2
11.5
15.9
12
12.1
13.3
5.1
11.8
11.6
5.1
12.9
12.6
4.9
11.6
11.7
12
12.2
12.2
11.6
11.6
11.6
5
5.1
12.6
5.1
5
5
11.5
11.6
11.6
11.7
--------
Coluna 3
1.2
6.1
6.1
3.8
3.9
4.4
1.4
10.7
5.5
5.9
5.9
1.4
3.8
5.1
4.65
4.65
5.5
5.5
5.5
5.5
1.3
7.3
7.2
3.8
1.2
1.4
5.6
3.6
4
4
7
4
6.4
5.6
3.6
5.6
11
11
4.5
1.4
6.2
1.4
7.9
7.9
1.4
3.7
6.7
6.6
1.3
5.2
1.2
15.5
4.1
8.3
6.55
6.55
6.1
5.15
6.3
4.6
4.6
7.9
4.6
5.1
5.6
5.6
1.4
6
3.6
8.6
1.4
4.4
1.4
4.25
6
3.9
4.2
3.6
3.6
4
4
4
6.6
6
6
1.2
3.8
9
4.6
1.2
8.8
8.8
5
3.8
4.1
5.9
3.6
1.4
1.4
3.6
0.9
0.9
4.1
6.2
8.9
1.4
1.4
4
3.9
4
8.1
8.1
6.4
6.4
8.3
1.4
8.3
4.7
5.5
5.5
1.4
1.4
5.5
3.7
6.2
1.4
5.6
7.8
4.6
5.8
1.3
4.1
12.9
4.3
13.4
1.4
4.8
6.3
4.5
4.5
4.3
4.3
1.4
3.9
1.4
1.2
3.8
1.4
1.4
1.4
5.4
3.8
1.2
1.4
6.1
1.3
3.9
5.1
5.1
3.9
1.4
1.4
15.4
15.4
4.8
5.2
5.2
1.4
3.75
13.8
13.8
5.7
1.4
4.3
4.1
4.1
4.4
3.7
6.7
13.9
5.1
7.8
3.6
--------
Coluna 5
42
37
39
37
40
38
43
39
47
38
39
38
41
46
45
36
36
36
41
41
41
36
38
38
53
52
51
41
45
40
42
57
50
45
48
41
43
48
36
43
36
40
40
39
38
40
37
38
42
39
--------
Coluna 6
103
113
114
119
112
119
136
125
136
133
108
111
102
134
105
108
141
101
110
143
144
127
120
120
144
106
109
119
105
135
114
122
124
129
116
121
111
110
102
149
103
112
104
147
145
155
151
152
122
125
112
106
104
139
101
104
143
144
119
130
122
115
113
119
119
119
105
100
105
105
104
141
141
133
147
147
131
131
131
104
102
--------
Coluna 10
13
13
14
14
14
13.3
13.4
12.9
12.9
12.9
13.3
12.9
13.1
13.5
13.6
14
13
13.5666666666667
13.6
--------
Coluna 11
4
4
4
4
4
4
4
4
4
4
8
8
8
3
4
4
4
4
4
4
4
4
4
8
4
3
4
4
3
4
8
4
4
8
4
4
4
4
4
3
4
4
8
8
4
4
3
4
4
4
3
4
8
