--------
Coluna 0
8,6
8,5
8,6
8,6
9,8
8,5
5,2
5,2
8,4
9,8
10,2
8,5
5,3
5,3
5,2
9,1
5
10
5,1
5,1
5,1
5
8,6
5,2
9,2
9,2
8,4
5,3
9
8,4
8,6
8,8
5
9,1
8,4
8,4
8,7
8,7
9,2
8,7
4,8
4,8
10,3
8,8
5
8,4
8,6
8,5
5,1
5,1
8,6
8,6
5,1
8,6
8,6
8,8
9,4
8,6
5,3
8,8
5,2
8,4
5,3
5,2
9,2
9,8
9,6
8,7
9,2
9
8,5
9,3
9,2
9,1
8,9
5,3
9,8
5
5
8,9
9,2
5
9,7
9,4
10,3
8,4
5,3
9,6
8,4
8,4
8,4
9
9,7
9,2
9,4
5,2
9,6
9,2
5,1
5,2
8,4
9
8,4
8,4
9,2
10,7
10,7
9
8,6
9,2
5,3
9,8
8,5
8,5
9,2
8,8
8,4
14,2
8,5
8,9
8,9
8,5
8,8
9,1
9,1
8,5
8,5
9,8
9
8,4
9,3
8,6
8,9
9
9
8,9
8,8
9
8,5
9,3
9,2
8,7
8,4
9,6
8,4
8,5
8,7
8,5
9,4
9,4
8,8
8,8
8,7
10
8,9
8,9
10
8,8
8,8
9,2
9,2
8,8
9,2
9,9
8,5
8,5
9,5
8,4
8,4
8,4
8,4
8,4
9
9
8,9
9,5
8,8
8,7
8,7
11,8
8,6
8,6
9,4
8,7
5,3
8,4
8,5
9,1
9,8
8,5
9,9
8,5
8,4
9,2
8,9
8,5
8,5
8,4
9,2
8,5
9,4
8,5
8,6
9,4
9,4
4,6
8,9
9,4
8,4
9,2
9,2
8,8
9,8
5,2
8,8
8,6
8,6
8,6
8,5
9
9
9
8,9
5,1
8,9
4,5
8,7
8,7
9,2
9,6
5,2
5,3
8,6
5,3
5,1
5,3
4,2
8,5
8,4
5,2
8,6
5,2
5,2
5,3
5,2
4,9
5,1
5,1
8,4
8,4
8,5
5
5
5
8,4
8,4
8,5
8,5
8,5
9,7
9,7
5,1
5
5,2
8,5
8,7
5,2
5,2
9
5,3
4,2
9,4
5,1
5,1
5,3
8,8
8,8
8,8
8,9
8,9
5,3
5,3
8,9
4,8
8,7
5
5,3
4,7
8,5
4,8
5
5,1
5,1
5,1
5,1
4,8
8,4
8,5
4,8
5
4,7
8,6
8,6
8,6
8,7
4,9
4,9
8,4
5,3
5
5,3
5,3
5,2
5,3
3,8
5,2
8,4
5,2
5
5
4,4
4,7
5,2
5,1
9
9
8,6
4,8
5
5
5,2
5
4,9
4,9
4,7
4,8
5,2
5,3
5,3
5,2
5
5,1
5,3
5,2
5,2
5
4,4
3,9
4,7
5,1
5,1
5,3
5,2
4,8
5,1
4,4
5,2
5,3
5
5
4,9
4,9
--------
Coluna 1
0,48
0,66
0,66
0,67
0,45
0,46
0,47
0,54
0,485
0,595
0,46
0,48
0,67
0,53
0,54
0,57
0,685
0,495
0,64
0,52
0,59
0,58
0,1
0,905
0,55
0,49
0,55
0,52
0,6
0,46
0,55
0,47
0,47
0,51
0,62
0,1
0,46
0,46
0,51
0,45
0,475
0,45
0,475
0,46
0,56
0,105
0,57
0,46
0,67
0,47
0,5
0,11
0,11
0,46
0,56
0,56
0,655
0,45
0,11
0,595
0,48
0,705
0,08
0,08
0,55
0,6
0,64
0,47
0,68
0,49
0,51
0,55
0,52
0,45
0,5
0,105
0,55
0,1
0,6
0,45
0,61
0,61
0,46
0,61
0,66
0,5
0,5
0,45
0,59
0,54
0,46
0,57
0,64
0,46
0,56
0,49
0,49
0,67
0,52
0,11
0,52
0,08
0,85
0,51
0,08
0,62
0,51
0,53
0,64
0,55
0,49
0,47
0,49
0,46
0,61
0,545
0,62
0,49
0,46
0,5
0,49
0,49
0,55
0,53
0,49
0,47
0,45
0,45
0,49
0,46
0,45
0,5
0,45
0,45
0,48
0,48
0,46
0,46
0,48
0,495
0,1
0,45
0,48
0,46
0,695
0,705
0,815
0,46
0,56
0,56
0,56
0,51
0,54
0,54
0,5
0,615
0,5
0,52
0,11
0,6
0,68
0,1
0,46
0,51
0,51
0,615
0,615
0,965
0,11
0,45
0,48
0,48
0,475
0,11
0,45
0,74
0,45
0,47
0,47
0,53
0,78
0,68
0,1
0,45
0,48
0,46
0,46
0,46
0,64
0,47
0,54
0,105
0,45
0,75
0,47
0,64
0,48
0,48
0,64
0,655
0,45
0,45
0,58
0,085
0,52
0,53
0,6
0,53
0,58
0,46
0,46
0,46
0,73
0,46
0,58
0,11
0,11
0,11
0,46
1,1
0,5
0,5
0,5
0,45
0,65
0,48
0,45
0,11
0,11
0,52
0,55
0,46
0,585
0,56
0,47
0,47
0,555
0,555
0,48
0,48
0,54
0,61
0,09
0,46
0,55
0,45
0,45
0,53
0,66
0,615
0,62
0,5
0,49
0,51
0,51
0,54
0,61
0,695
0,695
0,63
0,63
0,69
0,69
0,48
0,48
0,59
0,62
0,105
0,105
0,105
0,76
0,5
0,52
0,54
0,53
--------
Coluna 2
0,16
0,62
0,14
0,59
0,15
0,15
0,03
0,13
0,61
0,62
0,63
0,61
0,62
0,63
0,66
0,66
0,54
0,04
0,56
0,56
0,67
0,67
0,56
0,15
0,56
0,56
0,59
0,56
0,14
0,56
0,54
0,58
0,7
0
0
0,6
0,51
0,1
0,14
0,51
0,12
0,51
0,07
0,12
0,1
0,04
0,62
0,58
0,62
0,53
0,51
0,13
0,62
0,62
0,54
0,58
0,12
0,51
0,51
0,17
0,51
0,51
0,1
0,51
0,66
0,54
0,66
0,68
0,68
0,68
0,68
0,06
0,14
0,14
0,72
0,12
0,16
0,14
0,69
0,16
0,16
0,14
0,58
0,51
0,51
1,66
0,57
0,6
0
0,16
0,58
0,58
0,17
0,05
0,17
0,17
0,58
0,58
0,54
0,05
0,05
0,62
0,62
0,58
0,52
0,58
1
0,09
0,71
0,71
0,6
0,74
0,1
0,52
0,81
0,52
0,51
0,69
0,58
0,69
0,15
0,15
0,13
0,13
0,17
0,64
0,73
0,65
0,16
0,68
0,65
0,74
0,53
0,72
0,64
0,16
0,56
0,02
0,74
0,74
0,74
0,74
0,74
0,74
0,74
0,74
0,74
0,74
0,74
0,74
0,74
0,74
0,74
0,74
0,74
0,99
0,74
0,74
0,74
0,74
0,74
0,74
0,74
0,74
0,74
0,74
0,74
0,74
0,74
0,74
0,74
0,01
0,74
0,74
0,56
1
0,58
0,07
0,12
0,12
0,58
0,61
0,61
0,61
0,67
0,67
0,67
0,58
0,57
0,57
0,57
0,13
0,13
0,55
0,55
0,58
0,09
0,08
0,56
0,71
0,15
0,04
0,14
0,53
0,53
0,15
0,15
0,64
0,52
0,64
0,13
0,58
0,13
0,58
0,81
0,58
0,61
0,14
0,54
0,54
0,52
0,55
0,55
0,62
0,59
0,04
0,17
0,55
0,17
0,55
0,63
0,16
0,68
0,17
0,16
0,17
0,14
0,17
0,15
0,78
0,79
0,1
0,16
0,57
0,55
0,13
0,12
0,14
0,14
0,14
0,14
0,52
0,64
0,65
0,65
0,16
0,16
0,56
0,52
0,52
0,17
0,17
0,64
0,15
0,51
0,53
0,53
0,51
0,71
0,72
0,82
0,07
0,58
0,58
0,55
0,14
0,14
0,52
1
0,53
0,66
0,54
0,54
0,54
0,8
0,8
0,54
0,51
0,52
0,51
0,51
0,52
1,23
0,57
0,12
0,14
0,14
0,17
0,13
1
0,62
0,15
0,15
0,15
0,71
0,71
0,71
0,61
0,61
0,51
0,6
0,17
0,17
0,09
0,72
0,17
0,17
0,17
0,17
0,52
0,52
0,62
0,62
0,79
0,54
0,51
0,51
0,1
0,16
0,1
0,82
0,51
0,15
0,51
0,52
0,67
0,51
0,52
0,53
0,52
0,17
0,57
0,57
0,12
0,12
0,12
0,57
0,57
0,01
0,01
0,16
0,52
0,86
0,61
0,56
0,53
0,53
0,14
0,14
0,57
0,16
0,17
0
0,52
0,69
0,69
0,52
0,16
0,16
0,16
0,52
0,59
0,56
0,56
0,17
0,17
0,17
0,53
0,54
0,54
0,53
0,54
0,53
0,66
0,66
0,15
0,51
0,78
0,91
0,91
0,15
0,53
0,52
0,52
0,74
0,16
0,16
0,16
0,16
0,6
0,62
0,73
0,09
0,1
0,09
0,67
0,57
0,51
0,13
--------
Coluna 3
20,7
20,7
14,95
17,95
17,95
11,9
12,4
12,4
16
13,3
12,4
13,5
12,1
18,9
13,5
14,4
16,5
16,5
18,75
13,3
13,3
13,3
12,2
13,1
15,8
15,7
14
14
14
13,1
13
17,7
12,9
22
14
22
13,1
16,1
13,1
13,9
0,9
17,5
0,8
17,8
17,8
14,3
14,3
14,3
14,3
15,55
13,7
0,9
19,45
13,6
19,45
13,1
15,6
15,4
15,7
14,2
14,2
14,2
14,2
19,8
0,9
15,15
15,4
12,3
15,6
13,6
14,3
14,3
14,9
14,3
12,5
12,5
14,9
14,9
18,2
18,2
18,95
12,7
18,95
12,7
13,3
13,6
13,3
20,8
14
14
14
15,2
12,4
13,3
12,2
12,2
12,6
13,2
13,2
13,2
13,2
12,1
12,4
14,5
0,9
17,75
13,3
18,05
18,05
12,6
11,9
12,9
13,9
14,4
14,4
14,4
14,4
12,3
14
14,5
12
13,2
14,7
14,2
13,9
12,1
18,75
0,8
13,8
14,4
14,4
12,5
14
15,2
19,3
16,7
13,7
15
14,1
15
14,1
13,7
12,5
13,2
13,1
13,4
16,5
15,6
15,4
13,6
13,6
13,7
14,2
12,6
14,4
12,2
13,2
12,8
13
12,9
12
12,6
12,5
13
15,3
0,9
15,4
15,4
15,4
12,5
17,5
17,5
15,2
17,45
12,6
19,45
14,8
14,8
16,3
16,95
16,95
14,5
12
14,35
12,85
16,85
16,85
16,85
16,85
0,9
12,7
14,45
14,75
14,2
14,75
14,45
15,55
13
14,6
14,6
14,6
0,8
12,4
15,4
0,9
15,4
0,9
13,1
13,1
13,1
13,1
0,9
14,2
13
13
13
19,8
13
0,9
14,5
18,15
18,15
18,05
13,4
23,5
13,3
16,8
15,55
12,3
15,55
31,6
31,6
15,4
18,35
14,4
14,4
17,85
14,4
17,85
14,4
16,95
13,6
14,5
14,9
12
12,3
14,9
14
17,95
15,4
15,4
12,4
12,4
13,9
14
14
13,9
13,8
16,05
16,05
16,05
14
14,3
14,3
14,3
13,6
17,85
14,3
13,7
18,3
18,3
14,4
13,7
12
13,3
18,35
18,35
12,8
14,2
14,2
14,2
14,2
14,2
14,2
14,6
14,6
17,3
14,6
16,7
16,7
12,4
12,7
18,15
18,15
18,15
12,3
13,1
12,3
13,1
17,1
17,1
17,1
17,1
12,6
12,15
12
16,9
16,9
15,3
15,3
15,6
15,3
12,8
12,8
12,8
12,8
12,8
12,8
12,8
12,2
12,2
12,8
15,3
14,9
14,9
15,7
15,7
13,5
14,95
15,6
15,6
15,6
15,6
15,6
12,05
12,7
17,8
13,3
12,9
12,6
14,9
19,1
19,35
13,9
17,5
14,6
14,6
16
16,05
16,05
15,55
13
19,95
19,95
12,7
12,7
18,1
18,1
18,1
14,1
0,8
14,8
14,8
17,3
17,3
16,9
18,95
12,8
12,8
12,8
12,8
12,8
12,8
12,8
13,3
16
15,3
0,9
0,9
14,2
14,2
14,2
20,4
14,2
16
15,8
0,8
14,45
12,6
13,3
16,4
16,3
16,3
16,3
16,3
13,7
13,7
13,7
16,4
12,4
12,4
12,3
0,7
14,4
20,2
20,2
14
0,9
16,2
0,9
14,9
0,8
13,9
13,1
0,9
11,9
14,4
14,4
0,9
13,1
14,9
14,9
14,9
0,8
0,8
0,9
18,1
12,85
12,85
12,85
17,2
12,2
16,8
17,2
14,7
15,3
14,7
17,3
0,8
17,3
17,6
11,9
0,9
11,9
0,9
17,2
17,2
17,2
17,2
17,2
15,1
15,1
0,9
11,9
16,05
12,4
0,95
12,75
12,4
14,5
14,5
14,5
14,5
14,5
14,5
14,5
18,75
12,6
15,7
13,65
13,65
13,65
15,2
13,55
13,65
15,2
12,8
12,6
12,2
0,7
14,8
20,15
14,5
14,55
14,55
14,5
14,55
15,25
18,5
18,75
0,9
12
12
15,5
15,5
15,5
14,3
14,3
12,9
14,7
19,5
19,9
16,65
16,65
16,65
0,9
0,9
16,65
14,6
12,9
14,3
14,3
14,3
0,9
12,6
12,6
0,9
18,8
12,9
12,9
12,9
12
18,8
12,9
18,15
13,1
13,1
13,1
13,1
13,1
18,15
20,8
13,1
14,7
14,7
14,7
14,7
14,7
14,7
14,7
12,5
14,7
13,7
13,7
12,1
12,1
17,4
12,8
12
17,4
13,9
15,1
12,1
12,2
16,4
16,2
16,2
12,4
12,4
16,55
17,8
17,8
17,8
17,8
12,1
12,3
14,8
15,6
15,6
17,9
17,9
11,9
12,4
12,1
14,6
14,6
15,8
15,8
18
18
13,1
13,1
17,8
17,8
15,5
15,5
15,5
15,5
17,55
13,5
13,5
15,5
15,5
17,55
13,15
13,5
12,2
12,7
12,5
12,5
14,5
14,2
20,3
18,1
18,1
12,1
17,45
12,1
15,6
11,9
11,9
11,9
11,9
15,5
15
15
13,7
13,7
13,7
13,7
13,7
13,7
13,7
11,9
15,4
15,4
14,4
12,1
12,1
12,1
12,1
12,4
15
15
15
13,5
13,3
15,4
16
16
16
16
16,8
16
17,8
17,8
17,8
15,7
15,7
15,7
13,9
13,9
13,9
13,9
13,9
13,9
13,9
13,9
15,8
15,5
15,8
17,05
12,7
12,3
12,3
13,6
16
17,3
17,3
17,3
17,3
17,3
12,3
16,4
16,4
12,8
12,2
17,3
19,3
19,3
19,3
17,3
22,6
0,9
16,1
12,7
14,3
12,7
12,7
12
14,7
13,8
13,55
13,55
13,4
12,9
12,2
0,9
0,7
12,5
12,5
12,5
12,5
19,25
12,5
19,25
12,8
12,8
12,7
18,35
18,4
13
13
13
13
19,4
12,1
12,1
12,9
12,9
12,1
14,5
0,9
12,6
13,7
13,7
12,4
0,9
0,8
--------
Coluna 4
0,08
0,172
0,173
0,069
0,069
0,067
0,062
0,068
0,092
0,061
0,063
0,064
0,063
0,092
0,066
0,2
0,197
0,197
0,071
0,089
0,346
0,114
0,186
0,063
0,18
0,061
0,083
0,24
0,11
0,115
0,17
0,018
0,119
0,062
0,063
0,071
0,019
0,07
0,079
0,073
0,072
0,069
0,201
0,201
0,062
0,068
0,064
0,169
0,064
0,083
0,067
0,093
0,069
0,061
0,063
0,063
0,061
0,063
0,167
0,065
0,138
0,137
0,061
0,123
0,064
0,123
0,061
0,064
0,061
0,123
0,123
0,255
0,062
0,062
0,08
0,063
0,086
0,064
0,179
0,076
0,076
0,069
0,069
0,069
0,067
0,094
0,061
0,158
0,157
0,061
0,067
0,092
0,084
0,085
0,091
0,093
0,095
0,096
0,096
0,142
0,079
0,075
0,018
0,018
0,121
0,121
0,014
0,063
0,012
0,062
0,066
0,119
0,119
0,066
0,018
0,081
0,067
0,061
0,061
0,17
0,171
0,082
0,066
0,065
0,169
0,018
0,073
0,019
0,014
0,016
0,016
0,061
0,126
0,126
0,016
0,019
0,019
0,019
0,104
0,142
0,061
0,061
0,065
0,076
0,064
0,064
0,146
0,017
0,117
0,117
0,118
0,014
0,017
0,087
0,087
0,076
0,088
0,068
0,069
0,16
0,07
0,015
0,015
0,016
0,017
0,014
0,018
0,018
0,018
0,098
0,098
0,086
0,086
0,069
0,144
0,071
0,185
0,084
0,062
0,09
0,062
0,098
0,07
0,11
0,11
0,095
0,061
0,063
0,097
0,066
0,019
0,145
0,208
0,209
0,105
0,108
0,015
0,064
0,062
0,063
0,096
0,069
0,069
0,271
0,212
0,068
0,094
0,062
0,076
0,175
0,174
0,075
0,127
0,127
0,062
0,136
0,066
--------
Coluna 5
65
66
82
65
131
82,5
73,5
73,5
83
67
3
3
70
78
78
73
70
70
71
71
88
67
67
82
65
118,5
67
96
78
73
73
76
77
66
110
72
70
70
68
67
67
70
85
74
71
96
96
66
74
67
85
67
67
81
69
3
67
71
74
74
69
138,5
95
67
67
66
87
87
105
105
66
75
65
65
108
2
68
98
98
112
74
98
81
3
68
69
75
289
66
97
67
67
68
68
68
68
--------
Coluna 7
0,9956
0,9956
0,9955
0,9961
0,9962
0,9956
0,9962
0,9966
0,9962
0,9962
0,9968
0,9968
0,9958
0,9958
0,9961
0,9968
0,9966
0,9968
0,9954
0,9962
0,9962
0,9961
0,9961
0,9972
0,9958
0,9958
0,9961
0,9961
0,9976
0,9976
0,9964
0,9965
0,9965
0,9954
0,9954
0,9961
0,9957
0,9954
0,9954
0,9964
0,9962
0,997
0,9969
0,9959
0,9954
0,9954
0,9954
0,9954
0,9954
0,9954
0,9956
0,9956
0,9956
0,9962
0,996
0,9955
0,9953
0,9958
0,9953
0,9967
0,9954
0,9954
0,9963
0,9968
0,9968
0,9965
0,9965
0,9957
0,9957
0,9969
0,9968
0,9961
0,9958
0,9958
0,9966
0,9972
0,9968
0,9955
0,997
0,9972
0,9969
0,99685
0,9954
0,9971
0,9971
0,99535
0,9953
0,9958
0,9953
0,99755
0,9958
0,99585
0,99715
0,99815
0,99815
0,99815
0,99815
0,99815
0,99625
0,9971
0,9953
0,99775
0,99795
0,9953
0,9958
0,9956
0,9959
0,9963
0,9963
0,99725
0,99795
0,9956
0,9971
0,9965
0,9965
0,9965
0,9956
0,9966
0,9968
0,9962
0,9955
0,9972
0,9972
0,9953
0,9962
0,9953
0,9974
0,9956
0,9963
0,9956
0,9962
0,9953
0,9967
0,9965
0,9984
0,996
0,9964
0,9955
0,9955
0,9959
0,9959
0,9954
0,9953
0,9959
0,9963
0,9966
0,9966
0,9966
0,9966
0,9953
0,997
0,9972
0,9956
0,9956
0,9956
0,9955
0,9953
0,9958
0,9956
0,9958
0,9964
0,9954
0,998
0,9954
0,9953
0,9962
0,9965
0,9967
0,9953
0,9963
0,9974
0,9974
0,9956
0,9956
0,996
0,9968
0,9958
0,9957
0,9957
0,9954
0,9954
0,9962
0,9965
0,9966
0,9964
0,996
0,9959
0,9954
0,9963
0,9962
0,9982
0,9955
0,9969
0,9955
0,9954
0,9955
0,9957
0,9978
0,9978
0,9982
0,9982
0,9966
0,9961
0,9967
0,997
0,9961
0,9967
0,9961
0,9955
0,9955
0,9955
0,9955
0,9956
0,9966
0,9956
0,9966
0,9964
0,9964
0,9963
0,9984
0,9972
0,998
0,998
0,9955
0,9958
0,9976
0,9958
0,9953
0,9958
0,9976
0,9953
0,9959
0,9959
0,9968
0,9954
0,996
0,9966
0,9958
0,9958
0,997
0,9973
0,9954
0,997
0,9957
0,9965
0,9965
0,997
0,9982
0,9955
0,9955
0,9958
0,9966
0,9969
0,996
0,9953
0,9953
0,996
0,9962
0,9964
0,9958
0,9953
0,9981
0,9953
0,9972
0,9969
0,9969
0,9966
0,9966
0,9972
0,997
0,9954
0,9962
0,9954
0,9982
0,9963
0,9956
0,997
0,9963
0,9966
0,9963
0,996
0,996
0,9974
0,997
0,997
0,9974
0,99579
0,9974
0,99644
0,99579
0,99758
0,9962
0,99582
0,9962
0,99752
0,99752
0,99642
0,99566
0,99566
0,99591
0,9975
0,99595
0,9981
0,99716
0,99756
0,99572
0,99756
0,99676
0,99708
0,99724
0,99679
0,99652
0,99556
0,9961
0,99558
0,99622
0,99622
0,9969
0,99594
0,99594
0,9979
0,99612
0,99692
0,99592
0,99592
0,99692
0,99787
0,99542
0,99542
0,99543
0,9966
0,99526
0,99691
0,99573
0,99544
0,99544
0,99696
0,99556
0,99582
0,99553
0,99615
0,99563
0,99691
0,9959
0,99636
0,99773
0,99773
0,99527
0,99786
0,9979
0,99583
0,99652
0,99577
0,99652
0,9972
0,9958
0,9957
0,9958
0,99579
0,99541
0,99858
0,99532
0,99693
0,99693
0,99576
0,99578
0,99612
0,99612
0,99587
0,99587
0,99587
0,99587
0,99584
0,99584
0,99566
0,9968
0,99573
0,9959
0,99526
0,9959
0,99581
0,99574
0,99652
0,99594
0,99558
0,99564
0,99564
0,99576
0,99601
0,99564
0,99582
0,9954
0,99604
0,99604
0,99596
0,99578
0,99546
0,99646
0,99578
0,99604
0,99572
0,99546
0,99572
0,99592
0,99586
0,99534
0,99658
0,99568
0,99568
0,99692
0,99586
0,99556
0,99632
0,99562
0,99558
0,99558
0,99562
0,99572
0,99596
0,99596
0,997
0,99576
0,9958
0,99657
0,99657
0,99642
0,99586
0,9963
0,9963
0,99576
0,99576
0,99554
0,99536
0,99616
0,99532
0,99537
0,99742
0,99532
0,99711
0,99711
0,99537
0,9955
0,99528
0,9955
0,99528
0,99576
0,99576
0,99787
0,99628
0,99604
0,99628
0,99604
0,99655
0,99666
0,99754
0,99712
0,9956
0,99532
0,9955
0,99551
0,9955
0,99536
0,9953
0,99558
0,99628
0,99587
0,99587
0,99587
0,996
0,996
0,99572
0,99626
0,99626
0,99545
0,99545
0,99588
0,99608
0,99592
0,99568
0,99568
0,99538
0,9964
0,9964
0,9964
0,99624
0,99602
0,996
0,99567
0,99606
0,99616
0,99545
0,99527
0,99538
0,99627
0,99538
0,9954
0,99538
0,99627
0,99663
0,99663
0,99542
0,99542
0,99534
0,99699
0,99699
0,99699
0,99699
0,99571
0,9972
0,9964
0,9963
0,9956
0,9958
0,9954
0,99754
0,99732
0,99636
0,99732
0,9955
0,99542
0,99632
0,99602
0,99654
0,9967
0,9967
0,99626
--------
Coluna 8
3,54
3,5
3,5
3,53
2,89
3,52
3,52
3,54
3,53
3,64
3,64
3,56
2,88
3,5
3,58
3,54
3,52
3,51
3,54
3,51
3,51
3,51
3,52
3,51
3,5
3,54
2,85
3,65
3,65
2,92
3,52
3,59
2,92
3,54
2,91
3,56
3,62
3,55
2,92
3,5
3,6
3,6
3,53
3,53
3,52
3,52
3,8
3,52
3,68
3,63
3,63
3,52
3,63
3,52
3,6
3,6
3,54
3,53
3,53
3,53
3,61
3,61
3,52
3,59
3,59
3,68
3,5
3,66
3,53
2,89
2,89
3,54
3,7
2,92
3,74
3,8
3,5
3,58
3,77
3,55
3,53
2,91
2,91
2,92
2,9
2,9
3,5
2,79
3,55
2,88
2,88
2,88
2,9
3,63
2,92
2,88
2,92
2,86
2,8
2,9
2,87
2,91
--------
Coluna 9
0,77
0,79
0,85
0,76
0,75
0,74
0,78
0,76
0,74
0,74
0,76
0,77
0,78
0,96
0,97
0,95
0,95
0,77
0,95
0,82
0,9
0,75
0,75
0,74
0,79
0,8
0,8
0,78
0,78
0,87
0,86
0,74
0,75
0,79
0,77
0,74
0,92
0,76
0,74
0,74
0,82
0,75
0,75
0,76
0,76
0,76
0,74
0,77
1,06
0,78
0,94
0,84
0,81
0,8
0,87
0,82
0,22
0,75
0,85
0,78
0,78
0,75
0,88
0,88
0,75
0,75
0,74
0,79
0,81
0,81
0,98
0,98
0,98
0,98
0,98
0,76
0,76
0,75
0,96
0,77
0,95
0,76
1,08
0,79
--------
Coluna 10
8,6
14
8,4
8,4
14,2
13,9
13,8
--------
Coluna 11
8
8
8
4
4
8
4
8
4
8
8
8
8
3
8
8
4
4
8
3
8
9
9
4
8
8
8
8
8
8
8
8
8
4
8
4
8
4
4
8
8
4
8
8
8
8
3
8
8
8
8
8
8
8
8
8
8
4
8
4
4
8
8
9
8
8
4
8
8
8
8
8
4
8
4
4
4
4
4
4
8
8
8
4
8
8
4
4
4
8
4
4
4
8
8
8
8
8
8
8
8
8
4
8
4
8
3
4
8
8
8
8
8
8
8
8
8
8
8
8
8
8
8
8
8
8
8
8
8
8
4
4
8
8
8
8
8
8
8
4
8
8
4
8
4
4
8
4
8
