--------
Coluna 3
1.959
2.141
2.55
2.124
1.981
1.9565
1.974
2.13
2.499
2.0805
2.8255
2.198
1.9525
2.555
2.302
2.273
2.0045
2.103
1.9965
1.978
2.124
1.931
2.236
2.505
2.0065
2.657
2.21
2.141
1.9335
2.173
2.1275
2.25
2.5085
2.255
2.1055
2.21
2.009
1.9805
2.015
2.125
2.1425
1.9425
2.119
1.938
2.2205
2.5155
2.7795
2.073
2.069
2.081
2.173
1.914
2.1
2.032
2.1835
1.966
2.1995
2.226
2.033
2.526
1.969
1.925
2.0475
2.0165
1.933
2.381
2.398
2.1945
1.9875
2.012
2.201
2.165
2.3305
2.2355
2.3235
2.0885
2.087
2.2305
2.2635
1.908
2.073
1.978
2.2695
1.9045
2.4925
2.0725
2.333
2.037
2.14
2.548
1.8995
2.381
2.0495
2.173
2.1505
2.003
2.2385
1.9125
1.907
2.0505
1.9485
--------
Coluna 7
15
20
16
19
15
15
18
19
16
5
5
4
4
20
15
16
21
15
15
15
15
5
19
17
16
5
4
15
16
16
20
5
5
4
21
16
15
15
22
1
3
3
5
17
5
5
15
15
15
19
15
4
22
16
15
22
18
20
15
17
17
15
19
26
4
4
3
21
19
23
23
18
5
4
5
5
5
16
15
22
16
18
16
18
20
16
19
17
16
16
19
20
15
15
16
15
15
20
20
16
18
19
21
18
18
20
18
22
19
16
18
16
16
17
15
5
5
17
21
17
17
21
16
29
17
15
19
15
15
17
15
19
23
15
17
15
15
16
5
5
4
3
5
5
4
4
3
20
5
15
15
17
16
20
17
17
19
18
19
16
17
4
18
15
18
17
15
21
19
5
17
16
18
18
19
15
17
19
21
23
22
23
16
15
16
5
4
4
5
16
4
2
3
15
15
17
15
15
18
17
20
17
17
15
20
20
15
15
15
16
17
17
15
15
15
5
15
15
15
21
5
15
5
3
4
4
5
4
5
5
5
5
4
3
4
4
4
4
5
5
5
5
4
5
5
5
5
5
5
5
5
4
5
5
5
5
15
3
4
5
5
5
5
5
5
5
5
5
15
5
5
4
15
16
4
4
5
5
5
5
5
19
15
5
4
3
16
5
16
17
19
5
5
4
5
20
15
21
16
15
5
21
25
19
18
5
16
27
18
17
17
17
17
15
17
17
15
18
15
20
19
23
16
16
17
15
17
15
15
15
23
18
17
17
21
17
16
19
18
17
17
20
18
18
15
19
15
3
5
5
16
16
17
17
16
15
15
15
18
18
15
18
16
16
23
16
5
5
5
4
20
17
16
20
18
15
15
15
19
5
15
4
4
5
4
5
5
4
5
5
3
4
4
5
5
5
4
4
5
4
5
5
15
4
4
5
5
5
5
20
5
5
4
21
15
18
15
15
15
5
20
18
5
17
17
15
15
16
16
18
16
18
15
15
15
19
15
5
18
17
17
18
15
18
24
15
15
17
16
16
15
16
16
5
17
16
4
19
16
15
16
15
16
17
15
5
20
19
5
17
17
16
19
5
5
19
15
18
16
19
18
18
4
5
3
4
3
4
4
4
5
5
5
5
5
5
5
3
4
16
16
18
5
19
15
15
5
16
15
15
15
16
17
4
15
4
16
16
4
15
19
18
20
16
21
17
5
15
20
16
5
4
5
4
5
4
