--------
Coluna 0
20.57
21.16
25.22
6.981
22.27
24.25
23.27
27.22
21.09
23.29
20.58
28.11
20.51
23.21
20.48
20.94
20.73
21.75
23.51
25.73
20.44
21.71
22.01
21.37
20.64
21.61
21.1
27.42
20.59
23.09
24.63
20.47
20.55
7.729
7.691
20.92
21.56
20.6
7.76
--------
Coluna 1
10.38
27.54
9.71
32.47
33.81
27.85
39.28
28.77
33.56
10.72
28.21
29.81
28.03
28.23
30.72
29.29
28.2
28.14
29.97
28.06
29.43
28.92
27.61
27.88
29.37
30.62
28.25
28.08
--------
Coluna 2
130
135.1
132.4
130
124.8
127.9
128.3
51.71
125.5
143.7
129.1
132.4
130.4
126.3
130.7
127.5
129.7
129.1
130.7
126.5
132.9
126.2
127.2
129.5
134.7
131.1
135.9
129.9
133.7
128.9
124.4
133.8
127.7
128.1
130.5
--------
Coluna 3
1040
1094
955.1
1076
1033
1130
1006
1075
1076
982
1077
1138
1075
963.7
984.6
1041
1024
951.6
948
947.8
998.9
1102
1027
1092
991.7
1110
990
980.5
992.1
1007
1068
1052
--------
Coluna 12
5.455
7.276
3.999
8.077
5.373
5.029
8.419
4.533
4.073
4.129
5.118
4.906
4.106
4.061
10.12
4.021
4.36
4.138
6.076
4.174
4.277
4.675
9.424
4.795
4.607
6.051
5.004
4.091
--------
Coluna 13
50.96
40.51
54.16
45.4
54.18
44.91
43.5
41
45.19
40.09
69.47
42.76
47.14
43.14
41.18
58.63
48.31
43.68
46.61
43.4
44.64
40.98
52.72
48.29
44.41
45.42
44.41
57.72
51.22
45.5
41.24
58.38
--------
Coluna 20
20.21
9.507
9.414
9.092
9.262
18.33
19.56
19.59
19.85
18.55
8.952
18.76
19.18
9.473
--------
Coluna 21
40.68
35.34
12.49
35.64
37.18
39.34
34.85
35.19
36.32
36.33
37.16
--------
Coluna 22
122.4
62.06
123.5
118.6
60.9
125.4
122.1
--------
Coluna 23
1030
973.1
989.5
988.6
1009
947.9
967
